"fecha";"demdia";"sab";"dom";"lun";"tem";"tem2";"ret1";"ret2";"ret7";"fest_08_15";"fest_10_12";"fest_10_13";"fest_11_01";"fest_11_02";"fest_12_06";"fest_12_08";"fest_12_26";"fest_01_06";"fest_01_07"
20220601;6.4998;0;0;0;29.09;846.2281;6.4998;6.4998;6.4998;0;0;0;0;0;0;0;0;0;0
20220602;6.5088;0;0;0;28.51;812.8201;6.4998;6.4998;6.5088;0;0;0;0;0;0;0;0;0;0
20220603;6.5058;0;0;0;27.99;783.4401;6.5088;6.4998;6.5058;0;0;0;0;0;0;0;0;0;0
20220604;6.3869;1;0;0;27.19;739.2961;6.5058;6.5088;6.3869;0;0;0;0;0;0;0;0;0;0
20220605;6.3099;0;1;0;29.26;856.1476;6.3869;6.5058;6.3099;0;0;0;0;0;0;0;0;0;0
20220606;6.4457;0;0;1;30.19;911.4361;6.3099;6.3869;6.4457;0;0;0;0;0;0;0;0;0;0
20220607;6.5177;0;0;0;31.33;981.5689;6.4457;6.3099;6.5177;0;0;0;0;0;0;0;0;0;0
20220608;6.5294;0;0;0;29.97;898.2009;6.5177;6.4457;6.4998;0;0;0;0;0;0;0;0;0;0
20220609;6.5367;0;0;0;30.41;924.7681;6.5294;6.5177;6.5088;0;0;0;0;0;0;0;0;0;0
20220610;6.5425;0;0;0;31.78;1009.9684;6.5367;6.5294;6.5058;0;0;0;0;0;0;0;0;0;0
20220611;6.4568;1;0;0;32.26;1040.7076;6.5425;6.5367;6.3869;0;0;0;0;0;0;0;0;0;0
20220612;6.3818;0;1;0;33.18;1100.9124;6.4568;6.5425;6.3099;0;0;0;0;0;0;0;0;0;0
20220613;6.5667;0;0;1;33.91;1149.8881;6.3818;6.4568;6.4457;0;0;0;0;0;0;0;0;0;0
20220614;6.6294;0;0;0;35.23;1241.1529;6.5667;6.3818;6.5177;0;0;0;0;0;0;0;0;0;0
20220615;6.6542;0;0;0;35.59;1266.6481;6.6294;6.5667;6.5294;0;0;0;0;0;0;0;0;0;0
20220616;6.6477;0;0;0;35.68;1273.0624;6.6542;6.6294;6.5367;0;0;0;0;0;0;0;0;0;0
20220617;6.6425;0;0;0;37.54;1409.2516;6.6477;6.6542;6.5425;0;0;0;0;0;0;0;0;0;0
20220618;6.5191;1;0;0;35.6;1267.36;6.6425;6.6477;6.4568;0;0;0;0;0;0;0;0;0;0
20220619;6.3852;0;1;0;30.77;946.7929;6.5191;6.6425;6.3818;0;0;0;0;0;0;0;0;0;0
20220620;6.5554;0;0;1;28.98;839.8404;6.3852;6.5191;6.5667;0;0;0;0;0;0;0;0;0;0
20220621;6.5681;0;0;0;28.52;813.3904;6.5554;6.3852;6.6294;0;0;0;0;0;0;0;0;0;0
20220622;6.5381;0;0;0;26.84;720.3856;6.5681;6.5554;6.6542;0;0;0;0;0;0;0;0;0;0
20220623;6.5028;0;0;0;27.43;752.4049;6.5381;6.5681;6.6477;0;0;0;0;0;0;0;0;0;0
20220624;6.42;0;0;0;29.3;858.49;6.5028;6.5381;6.6425;0;0;0;0;0;0;0;0;0;0
20220625;6.3818;1;0;0;28.28;799.7584;6.42;6.5028;6.5191;0;0;0;0;0;0;0;0;0;0
20220626;6.3099;0;1;0;26.87;721.9969;6.3818;6.42;6.3852;0;0;0;0;0;0;0;0;0;0
20220627;6.4661;0;0;1;27.17;738.2089;6.3099;6.3818;6.5554;0;0;0;0;0;0;0;0;0;0
20220628;6.5117;0;0;0;29.69;881.4961;6.4661;6.3099;6.5681;0;0;0;0;0;0;0;0;0;0
20220629;6.5221;0;0;0;28.82;830.5924;6.5117;6.4661;6.5381;0;0;0;0;0;0;0;0;0;0
20220630;6.5147;0;0;0;28.13;791.2969;6.5221;6.5117;6.5028;0;0;0;0;0;0;0;0;0;0
20220701;6.5028;0;0;0;29.52;871.4304;6.5147;6.5221;6.42;0;0;0;0;0;0;0;0;0;0
20220702;6.4313;1;0;0;31.12;968.4544;6.5028;6.5147;6.3818;0;0;0;0;0;0;0;0;0;0
20220703;6.3613;0;1;0;30.45;927.2025;6.4313;6.5028;6.3099;0;0;0;0;0;0;0;0;0;0
20220704;6.525;0;0;1;31.13;969.0769;6.3613;6.4313;6.4661;0;0;0;0;0;0;0;0;0;0
20220705;6.5596;0;0;0;31.14;969.6996;6.525;6.3613;6.5117;0;0;0;0;0;0;0;0;0;0
20220706;6.5639;0;0;0;29.27;856.7329;6.5596;6.525;6.5221;0;0;0;0;0;0;0;0;0;0
20220707;6.5497;0;0;0;30.33;919.9089;6.5639;6.5596;6.5147;0;0;0;0;0;0;0;0;0;0
20220708;6.5624;0;0;0;31.97;1022.0809;6.5497;6.5639;6.5028;0;0;0;0;0;0;0;0;0;0
20220709;6.4583;1;0;0;33.62;1130.3044;6.5624;6.5497;6.4313;0;0;0;0;0;0;0;0;0;0
20220710;6.4167;0;1;0;34.7;1204.09;6.4583;6.5624;6.3613;0;0;0;0;0;0;0;0;0;0
20220711;6.6026;0;0;1;35.38;1251.7444;6.4167;6.4583;6.525;0;0;0;0;0;0;0;0;0;0
20220712;6.6399;0;0;0;36.07;1301.0449;6.6026;6.4167;6.5596;0;0;0;0;0;0;0;0;0;0
20220713;6.6606;0;0;0;38.06;1448.5636;6.6399;6.6026;6.5639;0;0;0;0;0;0;0;0;0;0
20220714;6.6657;0;0;0;37.17;1381.6089;6.6606;6.6399;6.5497;0;0;0;0;0;0;0;0;0;0
20220715;6.6593;0;0;0;37.07;1374.1849;6.6657;6.6606;6.5624;0;0;0;0;0;0;0;0;0;0
20220716;6.5554;1;0;0;37.82;1430.3524;6.6593;6.6657;6.4583;0;0;0;0;0;0;0;0;0;0
20220717;6.4816;0;1;0;38.53;1484.5609;6.5554;6.6593;6.4167;0;0;0;0;0;0;0;0;0;0
20220718;6.6477;0;0;1;36.08;1301.7664;6.4816;6.5554;6.6026;0;0;0;0;0;0;0;0;0;0
20220719;6.6425;0;0;0;33.79;1141.7641;6.6477;6.4816;6.6399;0;0;0;0;0;0;0;0;0;0
20220720;6.6399;0;0;0;33.15;1098.9225;6.6425;6.6477;6.6606;0;0;0;0;0;0;0;0;0;0
20220721;6.6554;0;0;0;34.18;1168.2724;6.6399;6.6425;6.6657;0;0;0;0;0;0;0;0;0;0
20220722;6.6542;0;0;0;33.87;1147.1769;6.6554;6.6399;6.6593;0;0;0;0;0;0;0;0;0;0
20220723;6.5265;1;0;0;34.15;1166.2225;6.6542;6.6554;6.5554;0;0;0;0;0;0;0;0;0;0
20220724;6.463;0;1;0;36.55;1335.9025;6.5265;6.6542;6.4816;0;0;0;0;0;0;0;0;0;0
20220725;6.593;0;0;1;34.76;1208.2576;6.463;6.5265;6.6477;0;0;0;0;0;0;0;0;0;0
20220726;6.6386;0;0;0;32.92;1083.7264;6.593;6.463;6.6425;0;0;0;0;0;0;0;0;0;0
20220727;6.6174;0;0;0;31.74;1007.4276;6.6386;6.593;6.6399;0;0;0;0;0;0;0;0;0;0
20220728;6.6187;0;0;0;32.69;1068.6361;6.6174;6.6386;6.6554;0;0;0;0;0;0;0;0;0;0
20220729;6.6067;0;0;0;32.61;1063.4121;6.6187;6.6174;6.6542;0;0;0;0;0;0;0;0;0;0
20220730;6.4922;1;0;0;32.84;1078.4656;6.6067;6.6187;6.5265;0;0;0;0;0;0;0;0;0;0
20220731;6.4297;0;1;0;34.03;1158.0409;6.4922;6.6067;6.463;0;0;0;0;0;0;0;0;0;0
20220801;6.5889;0;0;1;34.72;1205.4784;6.4297;6.4922;6.593;0;0;0;0;0;0;0;0;0;0
20220802;6.6147;0;0;0;35.55;1263.8025;6.5889;6.4297;6.6386;0;0;0;0;0;0;0;0;0;0
20220803;6.5944;0;0;0;34.9;1218.01;6.6147;6.5889;6.6174;0;0;0;0;0;0;0;0;0;0
20220804;6.5903;0;0;0;33.57;1126.9449;6.5944;6.6147;6.6187;0;0;0;0;0;0;0;0;0;0
20220805;6.5639;0;0;0;32.91;1083.0681;6.5903;6.5944;6.6067;0;0;0;0;0;0;0;0;0;0
20220806;6.4615;1;0;0;33.41;1116.2281;6.5639;6.5903;6.4922;0;0;0;0;0;0;0;0;0;0
20220807;6.3919;0;1;0;33.7;1135.69;6.4615;6.5639;6.4297;0;0;0;0;0;0;0;0;0;0
20220808;6.5088;0;0;1;33.38;1114.2244;6.3919;6.4615;6.5889;0;0;0;0;0;0;0;0;0;0
20220809;6.5294;0;0;0;34.42;1184.7364;6.5088;6.3919;6.6147;0;0;0;0;0;0;0;0;0;0
20220810;6.5525;0;0;0;35.61;1268.0721;6.5294;6.5088;6.5944;0;0;0;0;0;0;0;0;0;0
20220811;6.5554;0;0;0;35.13;1234.1169;6.5525;6.5294;6.5903;0;0;0;0;0;0;0;0;0;0
20220812;6.5554;0;0;0;35.51;1260.9601;6.5554;6.5525;6.5639;0;0;0;0;0;0;0;0;0;0
20220813;6.477;1;0;0;34.89;1217.3121;6.5554;6.5554;6.4615;0;0;0;0;0;0;0;0;0;0
20220814;6.3699;0;1;0;33.9;1149.21;6.477;6.5554;6.3919;0;0;0;0;0;0;0;0;0;0
20220815;6.3491;0;0;1;31.5;992.25;6.3699;6.477;6.5088;1;0;0;0;0;0;0;0;0;0
20220816;6.4473;0;0;0;31.85;1014.4225;6.3491;6.3699;6.5294;0;0;0;0;0;0;0;0;0;0
20220817;6.4441;0;0;0;29.11;847.3921;6.4473;6.3491;6.5525;0;0;0;0;0;0;0;0;0;0
20220818;6.4265;0;0;0;29.19;852.0561;6.4441;6.4473;6.5554;0;0;0;0;0;0;0;0;0;0
20220819;6.4297;0;0;0;31.39;985.3321;6.4265;6.4441;6.5554;0;0;0;0;0;0;0;0;0;0
20220820;6.3886;1;0;0;33.19;1101.5761;6.4297;6.4265;6.477;0;0;0;0;0;0;0;0;0;0
20220821;6.3404;0;1;0;34.01;1156.6801;6.3886;6.4297;6.3699;0;0;0;0;0;0;0;0;0;0
20220822;6.4938;0;0;1;32.08;1029.1264;6.3404;6.3886;6.3491;0;0;0;0;0;0;0;0;0;0
20220823;6.5352;0;0;0;32.9;1082.41;6.4938;6.3404;6.4473;0;0;0;0;0;0;0;0;0;0
20220824;6.5497;0;0;0;33.5;1122.25;6.5352;6.4938;6.4441;0;0;0;0;0;0;0;0;0;0
20220825;6.5425;0;0;0;31.65;1001.7225;6.5497;6.5352;6.4265;0;0;0;0;0;0;0;0;0;0
20220826;6.5177;0;0;0;30.76;946.1776;6.5425;6.5497;6.4297;0;0;0;0;0;0;0;0;0;0
20220827;6.4232;1;0;0;31.16;970.9456;6.5177;6.5425;6.3886;0;0;0;0;0;0;0;0;0;0
20220828;6.3596;0;1;0;33.31;1109.5561;6.4232;6.5177;6.3404;0;0;0;0;0;0;0;0;0;0
20220829;6.528;0;0;1;32.47;1054.3009;6.3596;6.4232;6.4938;0;0;0;0;0;0;0;0;0;0
20220830;6.5624;0;0;0;33.02;1090.3204;6.528;6.3596;6.5352;0;0;0;0;0;0;0;0;0;0
20220831;6.5468;0;0;0;30.98;959.7604;6.5624;6.528;6.5497;0;0;0;0;0;0;0;0;0;0
20220901;6.5309;0;0;0;31.36;983.4496;6.5468;6.5624;6.5425;0;0;0;0;0;0;0;0;0;0
20220902;6.5323;0;0;0;30.69;941.8761;6.5309;6.5468;6.5177;0;0;0;0;0;0;0;0;0;0
20220903;6.3919;1;0;0;29.29;857.9041;6.5323;6.5309;6.4232;0;0;0;0;0;0;0;0;0;0
20220904;6.3117;0;1;0;31.13;969.0769;6.3919;6.5323;6.3596;0;0;0;0;0;0;0;0;0;0
20220905;6.5013;0;0;1;31.69;1004.2561;6.3117;6.3919;6.528;0;0;0;0;0;0;0;0;0;0
20220906;6.5206;0;0;0;32.05;1027.2025;6.5013;6.3117;6.5624;0;0;0;0;0;0;0;0;0;0
20220907;6.528;0;0;0;31.17;971.5689;6.5206;6.5013;6.5468;0;0;0;0;0;0;0;0;0;0
20220908;6.5088;0;0;0;30.14;908.4196;6.528;6.5206;6.5309;0;0;0;0;0;0;0;0;0;0
20220909;6.5191;0;0;0;30.73;944.3329;6.5088;6.528;6.5323;0;0;0;0;0;0;0;0;0;0
20220910;6.4151;1;0;0;32.26;1040.7076;6.5191;6.5088;6.3919;0;0;0;0;0;0;0;0;0;0
20220911;6.3578;0;1;0;34.2;1169.64;6.4151;6.5191;6.3117;0;0;0;0;0;0;0;0;0;0
20220912;6.5482;0;0;1;33.03;1090.9809;6.3578;6.4151;6.5013;0;0;0;0;0;0;0;0;0;0
20220913;6.5396;0;0;0;28.61;818.5321;6.5482;6.3578;6.5206;0;0;0;0;0;0;0;0;0;0
20220914;6.5147;0;0;0;27.9;778.41;6.5396;6.5482;6.528;0;0;0;0;0;0;0;0;0;0
20220915;6.5073;0;0;0;27.73;768.9529;6.5147;6.5396;6.5088;0;0;0;0;0;0;0;0;0;0
20220916;6.5013;0;0;0;27.69;766.7361;6.5073;6.5147;6.5191;0;0;0;0;0;0;0;0;0;0
20220917;6.363;1;0;0;27.48;755.1504;6.5013;6.5073;6.4151;0;0;0;0;0;0;0;0;0;0
20220918;6.2841;0;1;0;28.01;784.5601;6.363;6.5013;6.3578;0;0;0;0;0;0;0;0;0;0
20220919;6.4708;0;0;1;28.66;821.3956;6.2841;6.363;6.5482;0;0;0;0;0;0;0;0;0;0
20220920;6.4968;0;0;0;27.86;776.1796;6.4708;6.2841;6.5396;0;0;0;0;0;0;0;0;0;0
20220921;6.4892;0;0;0;27.51;756.8001;6.4968;6.4708;6.5147;0;0;0;0;0;0;0;0;0;0
20220922;6.4877;0;0;0;27.96;781.7616;6.4892;6.4968;6.5073;0;0;0;0;0;0;0;0;0;0
20220923;6.4785;0;0;0;28.1;789.61;6.4877;6.4892;6.5013;0;0;0;0;0;0;0;0;0;0
20220924;6.3351;1;0;0;26.04;678.0816;6.4785;6.4877;6.363;0;0;0;0;0;0;0;0;0;0
20220925;6.2383;0;1;0;23.55;554.6025;6.3351;6.4785;6.2841;0;0;0;0;0;0;0;0;0;0
20220926;6.3886;0;0;1;23.97;574.5609;6.2383;6.3351;6.4708;0;0;0;0;0;0;0;0;0;0
20220927;6.4345;0;0;0;25.8;665.64;6.3886;6.2383;6.4968;0;0;0;0;0;0;0;0;0;0
20220928;6.4378;0;0;0;26.1;681.21;6.4345;6.3886;6.4892;0;0;0;0;0;0;0;0;0;0
20220929;6.4362;0;0;0;23.71;562.1641;6.4378;6.4345;6.4877;0;0;0;0;0;0;0;0;0;0
20220930;6.4118;0;0;0;23.22;539.1684;6.4362;6.4378;6.4785;0;0;0;0;0;0;0;0;0;0
20221001;6.3008;1;0;0;25.64;657.4096;6.4118;6.4362;6.3351;0;0;0;0;0;0;0;0;0;0
20221002;6.2305;0;1;0;27.22;740.9284;6.3008;6.4118;6.2383;0;0;0;0;0;0;0;0;0;0
20221003;6.4118;0;0;1;28.31;801.4561;6.2305;6.3008;6.3886;0;0;0;0;0;0;0;0;0;0
20221004;6.4505;0;0;0;28;784;6.4118;6.2305;6.4345;0;0;0;0;0;0;0;0;0;0
20221005;6.4489;0;0;0;27.47;754.6009;6.4505;6.4118;6.4378;0;0;0;0;0;0;0;0;0;0
20221006;6.4489;0;0;0;25.76;663.5776;6.4489;6.4505;6.4362;0;0;0;0;0;0;0;0;0;0
20221007;6.4457;0;0;0;25.99;675.4801;6.4489;6.4489;6.4118;0;0;0;0;0;0;0;0;0;0
20221008;6.3208;1;0;0;25.71;661.0041;6.4457;6.4489;6.3008;0;0;0;0;0;0;0;0;0;0
20221009;6.2344;0;1;0;26.33;693.2689;6.3208;6.4457;6.2305;0;0;0;0;0;0;0;0;0;0
20221010;6.4184;0;0;1;25.28;639.0784;6.2344;6.3208;6.4118;0;0;0;0;0;0;0;0;0;0
20221011;6.4313;0;0;0;23.43;548.9649;6.4184;6.2344;6.4505;0;0;0;0;0;0;0;0;0;0
20221012;6.2691;0;0;0;24.65;607.6225;6.4313;6.4184;6.4489;0;1;0;0;0;0;0;0;0;0
20221013;6.4102;0;0;0;26.29;691.1641;6.2691;6.4313;6.4489;0;0;1;0;0;0;0;0;0;0
20221014;6.4265;0;0;0;27.65;764.5225;6.4102;6.2691;6.4457;0;0;0;0;0;0;0;0;0;0
20221015;6.2897;1;0;0;27.64;763.9696;6.4265;6.4102;6.3208;0;0;0;0;0;0;0;0;0;0
20221016;6.2305;0;1;0;28.56;815.6736;6.2897;6.4265;6.2344;0;0;0;0;0;0;0;0;0;0
20221017;6.4135;0;0;1;27.45;753.5025;6.2305;6.2897;6.4184;0;0;0;0;0;0;0;0;0;0
20221018;6.4489;0;0;0;28.6;817.96;6.4135;6.2305;6.4313;0;0;0;0;0;0;0;0;0;0
20221019;6.4568;0;0;0;26.81;718.7761;6.4489;6.4135;6.2691;0;0;0;0;0;0;0;0;0;0
20221020;6.4723;0;0;0;24.65;607.6225;6.4568;6.4489;6.4102;0;0;0;0;0;0;0;0;0;0
20221021;6.4536;0;0;0;24.23;587.0929;6.4723;6.4568;6.4265;0;0;0;0;0;0;0;0;0;0
20221022;6.3099;1;0;0;24.84;617.0256;6.4536;6.4723;6.2897;0;0;0;0;0;0;0;0;0;0
20221023;6.25;0;1;0;25.01;625.5001;6.3099;6.4536;6.2305;0;0;0;0;0;0;0;0;0;0
20221024;6.4167;0;0;1;25.11;630.5121;6.25;6.3099;6.4135;0;0;0;0;0;0;0;0;0;0
20221025;6.4457;0;0;0;26.6;707.56;6.4167;6.25;6.4489;0;0;0;0;0;0;0;0;0;0
20221026;6.4505;0;0;0;27.19;739.2961;6.4457;6.4167;6.4568;0;0;0;0;0;0;0;0;0;0
20221027;6.4457;0;0;0;26.75;715.5625;6.4505;6.4457;6.4723;0;0;0;0;0;0;0;0;0;0
20221028;6.4249;0;0;0;25.58;654.3364;6.4457;6.4505;6.4536;0;0;0;0;0;0;0;0;0;0
20221029;6.2897;1;0;0;24.96;623.0016;6.4249;6.4457;6.3099;0;0;0;0;0;0;0;0;0;0
20221030;6.2186;0;1;0;22.5;506.25;6.2897;6.4249;6.25;0;0;0;0;0;0;0;0;0;0
20221031;6.3208;0;0;1;22.48;505.3504;6.2186;6.2897;6.4167;0;0;0;0;0;0;0;0;0;0
20221101;6.2305;0;0;0;23;529;6.3208;6.2186;6.4457;0;0;0;1;0;0;0;0;0;0
20221102;6.3986;0;0;0;23.09;533.1481;6.2305;6.3208;6.4505;0;0;0;0;1;0;0;0;0;0
20221103;6.4313;0;0;0;21.86;477.8596;6.3986;6.2305;6.4457;0;0;0;0;0;0;0;0;0;0
20221104;6.4249;0;0;0;20.65;426.4225;6.4313;6.3986;6.4249;0;0;0;0;0;0;0;0;0;0
20221105;6.2934;1;0;0;20.63;425.5969;6.4249;6.4313;6.2897;0;0;0;0;0;0;0;0;0;0
20221106;6.2186;0;1;0;22.73;516.6529;6.2934;6.4249;6.2186;0;0;0;0;0;0;0;0;0;0
20221107;6.4069;0;0;1;21.68;470.0224;6.2186;6.2934;6.3208;0;0;0;0;0;0;0;0;0;0
20221108;6.4505;0;0;0;21.8;475.24;6.4069;6.2186;6.2305;0;0;0;0;0;0;0;0;0;0
20221109;6.4425;0;0;0;21.09;444.7881;6.4505;6.4069;6.3986;0;0;0;0;0;0;0;0;0;0
20221110;6.4425;0;0;0;20.92;437.6464;6.4425;6.4505;6.4313;0;0;0;0;0;0;0;0;0;0
20221111;6.4362;0;0;0;20.71;428.9041;6.4425;6.4425;6.4249;0;0;0;0;0;0;0;0;0;0
20221112;6.3261;1;0;0;22.09;487.9681;6.4362;6.4425;6.2934;0;0;0;0;0;0;0;0;0;0
20221113;6.2403;0;1;0;21.49;461.8201;6.3261;6.4362;6.2186;0;0;0;0;0;0;0;0;0;0
20221114;6.4313;0;0;1;20.58;423.5364;6.2403;6.3261;6.4069;0;0;0;0;0;0;0;0;0;0
20221115;6.4615;0;0;0;20.89;436.3921;6.4313;6.2403;6.4505;0;0;0;0;0;0;0;0;0;0
20221116;6.4708;0;0;0;20.08;403.2064;6.4615;6.4313;6.4425;0;0;0;0;0;0;0;0;0;0
20221117;6.477;0;0;0;21.69;470.4561;6.4708;6.4615;6.4425;0;0;0;0;0;0;0;0;0;0
20221118;6.4661;0;0;0;16.88;284.9344;6.477;6.4708;6.4362;0;0;0;0;0;0;0;0;0;0
20221119;6.3561;1;0;0;15.66;245.2356;6.4661;6.477;6.3261;0;0;0;0;0;0;0;0;0;0
20221120;6.2804;0;1;0;17.95;322.2025;6.3561;6.4661;6.2403;0;0;0;0;0;0;0;0;0;0
20221121;6.4831;0;0;1;18.74;351.1876;6.2804;6.3561;6.4313;0;0;0;0;0;0;0;0;0;0
20221122;6.5206;0;0;0;16.58;274.8964;6.4831;6.2804;6.4615;0;0;0;0;0;0;0;0;0;0
20221123;6.5088;0;0;0;20.4;416.16;6.5206;6.4831;6.4708;0;0;0;0;0;0;0;0;0;0
20221124;6.5028;0;0;0;18.95;359.1025;6.5088;6.5206;6.477;0;0;0;0;0;0;0;0;0;0
20221125;6.4754;0;0;0;18.38;337.8244;6.5028;6.5088;6.4661;0;0;0;0;0;0;0;0;0;0
20221126;6.3665;1;0;0;17.77;315.7729;6.4754;6.5028;6.3561;0;0;0;0;0;0;0;0;0;0
20221127;6.3154;0;1;0;17.69;312.9361;6.3665;6.4754;6.2804;0;0;0;0;0;0;0;0;0;0
20221128;6.4877;0;0;1;16.2;262.44;6.3154;6.3665;6.4831;0;0;0;0;0;0;0;0;0;0
20221129;6.5221;0;0;0;16.14;260.4996;6.4877;6.3154;6.5206;0;0;0;0;0;0;0;0;0;0
20221130;6.5367;0;0;0;15.07;227.1049;6.5221;6.4877;6.5088;0;0;0;0;0;0;0;0;0;0
20221201;6.5439;0;0;0;14.4;207.36;6.5367;6.5221;6.5028;0;0;0;0;0;0;0;0;0;0
20221202;6.5468;0;0;0;13.63;185.7769;6.5439;6.5367;6.4754;0;0;0;0;0;0;0;0;0;0
20221203;6.4409;1;0;0;13.17;173.4489;6.5468;6.5439;6.3665;0;0;0;0;0;0;0;0;0;0
20221204;6.3716;0;1;0;13.87;192.3769;6.4409;6.5468;6.3154;0;0;0;0;0;0;0;0;0;0
20221205;6.5132;0;0;1;14.89;221.7121;6.3716;6.4409;6.4877;0;0;0;0;0;0;0;0;0;0
20221206;6.42;0;0;0;16.21;262.7641;6.5132;6.3716;6.5221;0;0;0;0;0;1;0;0;0;0
20221207;6.4953;0;0;0;15.35;235.6225;6.42;6.5132;6.5367;0;0;0;0;0;0;0;0;0;0
20221208;6.3986;0;0;0;15.15;229.5225;6.4953;6.42;6.5439;0;0;0;0;0;0;1;0;0;0
20221209;6.4583;0;0;0;15.89;252.4921;6.3986;6.4953;6.5468;0;0;0;0;0;0;0;0;0;0
20221210;6.3835;1;0;0;15.02;225.6004;6.4583;6.3986;6.4409;0;0;0;0;0;0;0;0;0;0
20221211;6.3613;0;1;0;14.01;196.2801;6.3835;6.4583;6.3716;0;0;0;0;0;0;0;0;0;0
20221212;6.541;0;0;1;17.98;323.2804;6.3613;6.3835;6.5132;0;0;0;0;0;0;0;0;0;0
20221213;6.5511;0;0;0;18.79;353.0641;6.541;6.3613;6.42;0;0;0;0;0;0;0;0;0;0
20221214;6.5323;0;0;0;18.05;325.8025;6.5511;6.541;6.4953;0;0;0;0;0;0;0;0;0;0
20221215;6.5088;0;0;0;15.63;244.2969;6.5323;6.5511;6.3986;0;0;0;0;0;0;0;0;0;0
20221216;6.5221;0;0;0;14.72;216.6784;6.5088;6.5323;6.4583;0;0;0;0;0;0;0;0;0;0
20221217;6.3953;1;0;0;15.3;234.09;6.5221;6.5088;6.3835;0;0;0;0;0;0;0;0;0;0
20221218;6.3404;0;1;0;15.88;252.1744;6.3953;6.5221;6.3613;0;0;0;0;0;0;0;0;0;0
20221219;6.5191;0;0;1;16.3;265.69;6.3404;6.3953;6.541;0;0;0;0;0;0;0;0;0;0
20221220;6.5396;0;0;0;17.14;293.7796;6.5191;6.3404;6.5511;0;0;0;0;0;0;0;0;0;0
20221221;6.5177;0;0;0;18.15;329.4225;6.5396;6.5191;6.5323;0;0;0;0;0;0;0;0;0;0
20221222;6.4922;0;0;0;19.29;372.1041;6.5177;6.5396;6.5088;0;0;0;0;0;0;0;0;0;0
20221223;6.4394;0;0;0;19.71;388.4841;6.4922;6.5177;6.5221;0;0;0;0;0;0;0;0;0;0
20221224;6.2691;1;0;0;18.8;353.44;6.4394;6.4922;6.3953;0;0;0;0;0;0;0;0;0;0
20221225;6.1377;0;1;0;19.43;377.5249;6.2691;6.4394;6.3404;0;0;0;0;0;0;0;0;0;0
20221226;6.2285;0;0;1;18.97;359.8609;6.1377;6.2691;6.5191;0;0;0;0;0;0;0;1;0;0
20221227;6.3561;0;0;0;17.79;316.4841;6.2285;6.1377;6.5396;0;0;0;0;0;0;0;0;0;0
20221228;6.3869;0;0;0;17.82;317.5524;6.3561;6.2285;6.5177;0;0;0;0;0;0;0;0;0;0
20221229;6.4036;0;0;0;17.21;296.1841;6.3869;6.3561;6.4922;0;0;0;0;0;0;0;0;0;0
20221230;6.3784;0;0;0;19.07;363.6649;6.4036;6.3869;6.4394;0;0;0;0;0;0;0;0;0;0
20221231;6.2691;1;0;0;19.05;362.9025;6.3784;6.4036;6.2691;0;0;0;0;0;0;0;0;0;0
20230101;6.1591;0;1;0;18.84;354.9456;6.2691;6.3784;6.1377;0;0;0;0;0;0;0;0;0;0
20230102;6.3716;0;0;1;16.53;273.2409;6.1591;6.2691;6.2285;0;0;0;0;0;0;0;0;0;0
20230103;6.4599;0;0;0;15.98;255.3604;6.3716;6.1591;6.3561;0;0;0;0;0;0;0;0;0;0
20230104;6.4754;0;0;0;16.18;261.7924;6.4599;6.3716;6.3869;0;0;0;0;0;0;0;0;0;0
20230105;6.4536;0;0;0;15.72;247.1184;6.4754;6.4599;6.4036;0;0;0;0;0;0;0;0;0;0
20230106;6.2953;0;0;0;14.75;217.5625;6.4536;6.4754;6.3784;0;0;0;0;0;0;0;0;1;0
20230107;6.3818;1;0;0;15.7;246.49;6.2953;6.4536;6.2691;0;0;0;0;0;0;0;0;0;1
20230108;6.3648;0;1;0;17.6;309.76;6.3818;6.2953;6.1591;0;0;0;0;0;0;0;0;0;0
20230109;6.4998;0;0;1;16.64;276.8896;6.3648;6.3818;6.3716;0;0;0;0;0;0;0;0;0;0
20230110;6.5396;0;0;0;16.9;285.61;6.4998;6.3648;6.4599;0;0;0;0;0;0;0;0;0;0
20230111;6.5525;0;0;0;16.39;268.6321;6.5396;6.4998;6.4754;0;0;0;0;0;0;0;0;0;0
20230112;6.5554;0;0;0;15.6;243.36;6.5525;6.5396;6.4536;0;0;0;0;0;0;0;0;0;0
20230113;6.5511;0;0;0;15.87;251.8569;6.5554;6.5525;6.2953;0;0;0;0;0;0;0;0;0;0
20230114;6.4425;1;0;0;16.9;285.61;6.5511;6.5554;6.3818;0;0;0;0;0;0;0;0;0;0
20230115;6.3682;0;1;0;15.51;240.5601;6.4425;6.5511;6.3648;0;0;0;0;0;0;0;0;0;0
20230116;6.5779;0;0;1;15.09;227.7081;6.3682;6.4425;6.4998;0;0;0;0;0;0;0;0;0;0
20230117;6.5848;0;0;0;15.44;238.3936;6.5779;6.3682;6.5396;0;0;0;0;0;0;0;0;0;0
20230118;6.6093;0;0;0;11.26;126.7876;6.5848;6.5779;6.5525;0;0;0;0;0;0;0;0;0;0
20230119;6.6174;0;0;0;12.79;163.5841;6.6093;6.5848;6.5554;0;0;0;0;0;0;0;0;0;0
20230120;6.5793;0;0;0;14.96;223.8016;6.6174;6.6093;6.5511;0;0;0;0;0;0;0;0;0;0
20230121;6.463;1;0;0;13.34;177.9556;6.5793;6.6174;6.4425;0;0;0;0;0;0;0;0;0;0
20230122;6.4102;0;1;0;11.2;125.44;6.463;6.5793;6.3682;0;0;0;0;0;0;0;0;0;0
20230123;6.6093;0;0;1;10.35;107.1225;6.4102;6.463;6.5779;0;0;0;0;0;0;0;0;0;0
20230124;6.6593;0;0;0;9.42;88.7364;6.6093;6.4102;6.5848;0;0;0;0;0;0;0;0;0;0
20230125;6.6438;0;0;0;11.82;139.7124;6.6593;6.6093;6.6093;0;0;0;0;0;0;0;0;0;0
20230126;6.6516;0;0;0;11.41;130.1881;6.6438;6.6593;6.6174;0;0;0;0;0;0;0;0;0;0
20230127;6.632;0;0;0;11.35;128.8225;6.6516;6.6438;6.5793;0;0;0;0;0;0;0;0;0;0
20230128;6.5147;1;0;0;10.76;115.7776;6.632;6.6516;6.463;0;0;0;0;0;0;0;0;0;0
20230129;6.4536;0;1;0;10.34;106.9156;6.5147;6.632;6.4102;0;0;0;0;0;0;0;0;0;0
20230130;6.6053;0;0;1;12.1;146.41;6.4536;6.5147;6.6093;0;0;0;0;0;0;0;0;0;0
20230131;6.6134;0;0;0;13.68;187.1424;6.6053;6.4536;6.6593;0;0;0;0;0;0;0;0;0;0
20230201;6.6267;0;0;0;14.1;198.81;6.6134;6.6053;6.6438;0;0;0;0;0;0;0;0;0;0
20230202;6.6174;0;0;0;14.57;212.2849;6.6267;6.6134;6.6516;0;0;0;0;0;0;0;0;0;0
20230203;6.593;0;0;0;16.11;259.5321;6.6174;6.6267;6.632;0;0;0;0;0;0;0;0;0;0
20230204;6.4552;1;0;0;17.1;292.41;6.593;6.6174;6.5147;0;0;0;0;0;0;0;0;0;0
20230205;6.3784;0;1;0;16.3;265.69;6.4552;6.593;6.4536;0;0;0;0;0;0;0;0;0;0
20230206;6.5917;0;0;1;13.15;172.9225;6.3784;6.4552;6.6053;0;0;0;0;0;0;0;0;0;0
20230207;6.6425;0;0;0;11.8;139.24;6.5917;6.3784;6.6134;0;0;0;0;0;0;0;0;0;0
20230208;6.6346;0;0;0;13.47;181.4409;6.6425;6.5917;6.6267;0;0;0;0;0;0;0;0;0;0
20230209;6.6201;0;0;0;12.81;164.0961;6.6346;6.6425;6.6174;0;0;0;0;0;0;0;0;0;0
20230210;6.6161;0;0;0;13.02;169.5204;6.6201;6.6346;6.593;0;0;0;0;0;0;0;0;0;0
20230211;6.4846;1;0;0;14.11;199.0921;6.6161;6.6201;6.4552;0;0;0;0;0;0;0;0;0;0
20230212;6.4151;0;1;0;14.81;219.3361;6.4846;6.6161;6.3784;0;0;0;0;0;0;0;0;0;0
20230213;6.5806;0;0;1;15.88;252.1744;6.4151;6.4846;6.5917;0;0;0;0;0;0;0;0;0;0
20230214;6.5985;0;0;0;16.01;256.3201;6.5806;6.4151;6.6425;0;0;0;0;0;0;0;0;0;0
20230215;6.5834;0;0;0;16.33;266.6689;6.5985;6.5806;6.6346;0;0;0;0;0;0;0;0;0;0
20230216;6.5723;0;0;0;16.59;275.2281;6.5834;6.5985;6.6201;0;0;0;0;0;0;0;0;0;0
20230217;6.5554;0;0;0;17.93;321.4849;6.5723;6.5834;6.6161;0;0;0;0;0;0;0;0;0;0
20230218;6.4265;1;0;0;17.93;321.4849;6.5554;6.5723;6.4846;0;0;0;0;0;0;0;0;0;0
20230219;6.3404;0;1;0;18.6;345.96;6.4265;6.5554;6.4151;0;0;0;0;0;0;0;0;0;0
20230220;6.4998;0;0;1;19.63;385.3369;6.3404;6.4265;6.5806;0;0;0;0;0;0;0;0;0;0
20230221;6.5221;0;0;0;18.46;340.7716;6.4998;6.3404;6.5985;0;0;0;0;0;0;0;0;0;0
20230222;6.5236;0;0;0;17.69;312.9361;6.5221;6.4998;6.5834;0;0;0;0;0;0;0;0;0;0
20230223;6.5497;0;0;0;13.96;194.8816;6.5236;6.5221;6.5723;0;0;0;0;0;0;0;0;0;0
20230224;6.5468;0;0;0;13.4;179.56;6.5497;6.5236;6.5554;0;0;0;0;0;0;0;0;0;0
20230225;6.4457;1;0;0;13.47;181.4409;6.5468;6.5497;6.4265;0;0;0;0;0;0;0;0;0;0
20230226;6.3801;0;1;0;13.52;182.7904;6.4457;6.5468;6.3404;0;0;0;0;0;0;0;0;0;0
20230227;6.5779;0;0;1;9.77;95.4529;6.3801;6.4457;6.4998;0;0;0;0;0;0;0;0;0;0
20230228;6.5876;0;0;0;12.24;149.8176;6.5779;6.3801;6.5221;0;0;0;0;0;0;0;0;0;0
20230301;6.6134;0;0;0;11.71;137.1241;6.5876;6.5779;6.5236;0;0;0;0;0;0;0;0;0;0
20230302;6.6134;0;0;0;12.75;162.5625;6.6134;6.5876;6.5497;0;0;0;0;0;0;0;0;0;0
20230303;6.5889;0;0;0;14.19;201.3561;6.6134;6.6134;6.5468;0;0;0;0;0;0;0;0;0;0
20230304;6.452;1;0;0;14.98;224.4004;6.5889;6.6134;6.4457;0;0;0;0;0;0;0;0;0;0
20230305;6.4036;0;1;0;15.48;239.6304;6.452;6.5889;6.3801;0;0;0;0;0;0;0;0;0;0
20230306;6.5468;0;0;1;16.15;260.8225;6.4036;6.452;6.5779;0;0;0;0;0;0;0;0;0;0
20230307;6.5425;0;0;0;19.03;362.1409;6.5468;6.4036;6.5876;0;0;0;0;0;0;0;0;0;0
20230308;6.5265;0;0;0;22.24;494.6176;6.5425;6.5468;6.6134;0;0;0;0;0;0;0;0;0;0
20230309;6.5162;0;0;0;21.18;448.5924;6.5265;6.5425;6.6134;0;0;0;0;0;0;0;0;0;0
20230310;6.4739;0;0;0;22.69;514.8361;6.5162;6.5265;6.5889;0;0;0;0;0;0;0;0;0;0
20230311;6.3439;1;0;0;24.12;581.7744;6.4739;6.5162;6.452;0;0;0;0;0;0;0;0;0;0
20230312;6.2596;0;1;0;24.55;602.7025;6.3439;6.4739;6.4036;0;0;0;0;0;0;0;0;0;0
20230313;6.4329;0;0;1;24.85;617.5225;6.2596;6.3439;6.5468;0;0;0;0;0;0;0;0;0;0
20230314;6.4505;0;0;0;20.63;425.5969;6.4329;6.2596;6.5425;0;0;0;0;0;0;0;0;0;0
20230315;6.4552;0;0;0;21.74;472.6276;6.4505;6.4329;6.5265;0;0;0;0;0;0;0;0;0;0
20230316;6.4536;0;0;0;23.18;537.3124;6.4552;6.4505;6.5162;0;0;0;0;0;0;0;0;0;0
20230317;6.4505;0;0;0;20.43;417.3849;6.4536;6.4552;6.4739;0;0;0;0;0;0;0;0;0;0
20230318;6.3439;1;0;0;19.83;393.2289;6.4505;6.4536;6.3439;0;0;0;0;0;0;0;0;0;0
20230319;6.2519;0;1;0;19.42;377.1364;6.3439;6.4505;6.2596;0;0;0;0;0;0;0;0;0;0
20230320;6.4036;0;0;1;21.45;460.1025;6.2519;6.3439;6.4329;0;0;0;0;0;0;0;0;0;0
20230321;6.4441;0;0;0;21.47;460.9609;6.4036;6.2519;6.4505;0;0;0;0;0;0;0;0;0;0
20230322;6.4345;0;0;0;22.45;504.0025;6.4441;6.4036;6.4552;0;0;0;0;0;0;0;0;0;0
20230323;6.4345;0;0;0;23.95;573.6025;6.4345;6.4441;6.4536;0;0;0;0;0;0;0;0;0;0
20230324;6.4409;0;0;0;23.21;538.7041;6.4345;6.4345;6.4505;0;0;0;0;0;0;0;0;0;0
20230325;6.319;1;0;0;22.87;523.0369;6.4409;6.4345;6.3439;0;0;0;0;0;0;0;0;0;0
20230326;6.2403;0;1;0;23.67;560.2689;6.319;6.4409;6.2519;0;0;0;0;0;0;0;0;0;0
20230327;6.4052;0;0;1;21.18;448.5924;6.2403;6.319;6.4036;0;0;0;0;0;0;0;0;0;0
20230328;6.4281;0;0;0;23.84;568.3456;6.4052;6.2403;6.4441;0;0;0;0;0;0;0;0;0;0
20230329;6.4167;0;0;0;25.66;658.4356;6.4281;6.4052;6.4345;0;0;0;0;0;0;0;0;0;0
20230330;6.4052;0;0;0;26.57;705.9649;6.4167;6.4281;6.4345;0;0;0;0;0;0;0;0;0;0
20230331;6.3986;0;0;0;25.31;640.5961;6.4052;6.4167;6.4409;0;0;0;0;0;0;0;0;0;0
20230401;6.2841;1;0;0;22.09;487.9681;6.3986;6.4052;6.319;0;0;0;0;0;0;0;0;0;0
20230402;6.1964;0;1;0;20.49;419.8401;6.2841;6.3986;6.2403;0;0;0;0;0;0;0;0;0;0
20230403;6.3544;0;0;1;20.34;413.7156;6.1964;6.2841;6.4052;0;0;0;0;0;0;0;0;0;0
20230404;6.3801;0;0;0;19.92;396.8064;6.3544;6.1964;6.4281;0;0;0;0;0;0;0;0;0;0
20230405;6.363;0;0;0;20.93;438.0649;6.3801;6.3544;6.4167;0;0;0;0;0;0;0;0;0;0
20230406;6.2344;0;0;0;21.78;474.3684;6.363;6.3801;6.4052;0;0;0;0;0;0;0;0;0;0
20230407;6.1377;0;0;0;23.35;545.2225;6.2344;6.363;6.3986;0;0;0;0;0;0;0;0;0;0
20230408;6.1675;1;0;0;25.06;628.0036;6.1377;6.2344;6.2841;0;0;0;0;0;0;0;0;0;0
20230409;6.1247;0;1;0;25.36;643.1296;6.1675;6.1377;6.1964;0;0;0;0;0;0;0;0;0;0
20230410;6.2285;0;0;1;26.12;682.2544;6.1247;6.1675;6.3544;0;0;0;0;0;0;0;0;0;0
20230411;6.3509;0;0;0;24.62;606.1444;6.2285;6.1247;6.3801;0;0;0;0;0;0;0;0;0;0
20230412;6.3919;0;0;0;24.07;579.3649;6.3509;6.2285;6.363;0;0;0;0;0;0;0;0;0;0
20230413;6.3869;0;0;0;20.53;421.4809;6.3919;6.3509;6.2344;0;0;0;0;0;0;0;0;0;0
20230414;6.3936;0;0;0;23.04;530.8416;6.3869;6.3919;6.1377;0;0;0;0;0;0;0;0;0;0
20230415;6.2823;1;0;0;23.63;558.3769;6.3936;6.3869;6.1675;0;0;0;0;0;0;0;0;0;0
20230416;6.1883;0;1;0;22.63;512.1169;6.2823;6.3936;6.1247;0;0;0;0;0;0;0;0;0;0
20230417;6.3526;0;0;1;22.51;506.7001;6.1883;6.2823;6.2285;0;0;0;0;0;0;0;0;0;0
20230418;6.3869;0;0;0;21.98;483.1204;6.3526;6.1883;6.3509;0;0;0;0;0;0;0;0;0;0
20230419;6.3869;0;0;0;23.68;560.7424;6.3869;6.3526;6.3919;0;0;0;0;0;0;0;0;0;0
20230420;6.3902;0;0;0;24.96;623.0016;6.3869;6.3869;6.3869;0;0;0;0;0;0;0;0;0;0
20230421;6.3767;0;0;0;24.64;607.1296;6.3902;6.3869;6.3936;0;0;0;0;0;0;0;0;0;0
20230422;6.2691;1;0;0;22.68;514.3824;6.3767;6.3902;6.2823;0;0;0;0;0;0;0;0;0;0
20230423;6.1821;0;1;0;24.58;604.1764;6.2691;6.3767;6.1883;0;0;0;0;0;0;0;0;0;0
20230424;6.3561;0;0;1;25.09;629.5081;6.1821;6.2691;6.3526;0;0;0;0;0;0;0;0;0;0
20230425;6.3969;0;0;0;28.01;784.5601;6.3561;6.1821;6.3869;0;0;0;0;0;0;0;0;0;0
20230426;6.4069;0;0;0;27.48;755.1504;6.3969;6.3561;6.3869;0;0;0;0;0;0;0;0;0;0
20230427;6.4216;0;0;0;29.05;843.9025;6.4069;6.3969;6.3902;0;0;0;0;0;0;0;0;0;0
20230428;6.4069;0;0;0;28.86;832.8996;6.4216;6.4069;6.3767;0;0;0;0;0;0;0;0;0;0
20230429;6.286;1;0;0;27.24;742.0176;6.4069;6.4216;6.2691;0;0;0;0;0;0;0;0;0;0
20230430;6.1862;0;1;0;25.27;638.5729;6.286;6.4069;6.1821;0;0;0;0;0;0;0;0;0;0
20230501;6.1463;0;0;1;25.36;643.1296;6.1862;6.286;6.3561;0;0;0;0;0;0;0;0;0;0
20230502;6.3439;0;0;0;27.56;759.5536;6.1463;6.1862;6.3969;0;0;0;0;0;0;0;0;0;0
20230503;6.3969;0;0;0;28.97;839.2609;6.3439;6.1463;6.4069;0;0;0;0;0;0;0;0;0;0
20230504;6.4003;0;0;0;26.59;707.0281;6.3969;6.3439;6.4216;0;0;0;0;0;0;0;0;0;0
20230505;6.3986;0;0;0;26.49;701.7201;6.4003;6.3969;6.4069;0;0;0;0;0;0;0;0;0;0
20230506;6.2766;1;0;0;26.19;685.9161;6.3986;6.4003;6.286;0;0;0;0;0;0;0;0;0;0
20230507;6.2086;0;1;0;25.83;667.1889;6.2766;6.3986;6.1862;0;0;0;0;0;0;0;0;0;0
20230508;6.3784;0;0;1;27.72;768.3984;6.2086;6.2766;6.1463;0;0;0;0;0;0;0;0;0;0
20230509;6.4167;0;0;0;27.4;750.76;6.3784;6.2086;6.3439;0;0;0;0;0;0;0;0;0;0
20230510;6.4036;0;0;0;24.4;595.36;6.4167;6.3784;6.3969;0;0;0;0;0;0;0;0;0;0
20230511;6.3919;0;0;0;22.59;510.3081;6.4036;6.4167;6.4003;0;0;0;0;0;0;0;0;0;0
20230512;6.375;0;0;0;21.37;456.6769;6.3919;6.4036;6.3986;0;0;0;0;0;0;0;0;0;0
20230513;6.2538;1;0;0;21.46;460.5316;6.375;6.3919;6.2766;0;0;0;0;0;0;0;0;0;0
20230514;6.1759;0;1;0;23.32;543.8224;6.2538;6.375;6.2086;0;0;0;0;0;0;0;0;0;0
20230515;6.3404;0;0;1;24.26;588.5476;6.1759;6.2538;6.3784;0;0;0;0;0;0;0;0;0;0
20230516;6.3818;0;0;0;23.52;553.1904;6.3404;6.1759;6.4167;0;0;0;0;0;0;0;0;0;0
20230517;6.3733;0;0;0;22.7;515.29;6.3818;6.3404;6.4036;0;0;0;0;0;0;0;0;0;0
20230518;6.3784;0;0;0;21.74;472.6276;6.3733;6.3818;6.3919;0;0;0;0;0;0;0;0;0;0
20230519;6.3716;0;0;0;22.29;496.8441;6.3784;6.3733;6.375;0;0;0;0;0;0;0;0;0;0
20230520;6.2558;1;0;0;22.12;489.2944;6.3716;6.3784;6.2538;0;0;0;0;0;0;0;0;0;0
20230521;6.18;0;1;0;21.6;466.56;6.2558;6.3716;6.1759;0;0;0;0;0;0;0;0;0;0
20230522;6.3682;0;0;1;22.33;498.6289;6.18;6.2558;6.3404;0;0;0;0;0;0;0;0;0;0
20230523;6.3919;0;0;0;21.92;480.4864;6.3682;6.18;6.3818;0;0;0;0;0;0;0;0;0;0
20230524;6.3852;0;0;0;23.14;535.4596;6.3919;6.3682;6.3733;0;0;0;0;0;0;0;0;0;0
20230525;6.3852;0;0;0;23.79;565.9641;6.3852;6.3919;6.3784;0;0;0;0;0;0;0;0;0;0
20230526;6.3613;0;0;0;23.5;552.25;6.3852;6.3852;6.3716;0;0;0;0;0;0;0;0;0;0
20230527;6.2324;1;0;0;24.54;602.2116;6.3613;6.3852;6.2558;0;0;0;0;0;0;0;0;0;0
20230528;6.1506;0;1;0;23.84;568.3456;6.2324;6.3613;6.18;0;0;0;0;0;0;0;0;0;0
20230529;6.3351;0;0;1;24.9;620.01;6.1506;6.2324;6.3682;0;0;0;0;0;0;0;0;0;0
20230530;6.3767;0;0;0;24.56;603.1936;6.3351;6.1506;6.3919;0;0;0;0;0;0;0;0;0;0
20230531;6.3818;0;0;0;25.95;673.4025;6.3767;6.3351;6.3852;0;0;0;0;0;0;0;0;0;0
20230601;6.4085;0;0;0;25.31;640.5961;6.3818;6.3767;6.3852;0;0;0;0;0;0;0;0;0;0
20230602;6.4036;0;0;0;25.34;642.1156;6.4085;6.3818;6.3613;0;0;0;0;0;0;0;0;0;0
20230603;6.271;1;0;0;25.88;669.7744;6.4036;6.4085;6.2324;0;0;0;0;0;0;0;0;0;0
20230604;6.1944;0;1;0;26.66;710.7556;6.271;6.4036;6.1506;0;0;0;0;0;0;0;0;0;0
20230605;6.3801;0;0;1;27.56;759.5536;6.1944;6.271;6.3351;0;0;0;0;0;0;0;0;0;0
20230606;6.4216;0;0;0;29.54;872.6116;6.3801;6.1944;6.3767;0;0;0;0;0;0;0;0;0;0
20230607;6.452;0;0;0;25.86;668.7396;6.4216;6.3801;6.3818;0;0;0;0;0;0;0;0;0;0
20230608;6.4425;0;0;0;26.65;710.2225;6.452;6.4216;6.4085;0;0;0;0;0;0;0;0;0;0
20230609;6.4216;0;0;0;27.75;770.0625;6.4425;6.452;6.4036;0;0;0;0;0;0;0;0;0;0
20230610;6.2989;1;0;0;28;784;6.4216;6.4425;6.271;0;0;0;0;0;0;0;0;0;0
20230611;6.2324;0;1;0;28.29;800.3241;6.2989;6.4216;6.1944;0;0;0;0;0;0;0;0;0;0
20230612;6.4167;0;0;1;27.96;781.7616;6.2324;6.2989;6.3801;0;0;0;0;0;0;0;0;0;0
20230613;6.4425;0;0;0;27.07;732.7849;6.4167;6.2324;6.4216;0;0;0;0;0;0;0;0;0;0
20230614;6.4505;0;0;0;29.21;853.2241;6.4425;6.4167;6.452;0;0;0;0;0;0;0;0;0;0
20230615;6.4677;0;0;0;30.55;933.3025;6.4505;6.4425;6.4425;0;0;0;0;0;0;0;0;0;0
