pos  altura diametro volumen
1      70      8.3    10.3
2      65      8.6    10.3
3      63      8.8    10.2
4      72     10.5    16.4
5      81     10.7    18.8
6      83     10.8    19.7
7      66     11.0    15.6
8      75     11.0    18.2
9      80     11.1    22.6
10     75     11.2    19.9
11     79     11.3    24.2
12     76     11.4    21.0
13     76     11.4    21.4
14     69     11.7    21.3
15     75     12.0    19.1
16     74     12.9    22.2
17     85     12.9    33.8
18     86     13.3    27.4
19     71     13.7    25.7
20     64     13.8    24.9
21     78     14.0    34.5
22     80     14.2    31.7
23     74     14.5    36.3
24     72     16.0    38.3
25     77     16.3    42.6
26     81     17.3    55.4
27     82     17.5    55.7
28     80     17.9    58.3
29     80     18.0    51.5
30     80     18.0    51.0
31     87     20.6    77.0
