fecha;deman1;deman2;deman3;deman4;deman5;deman6;deman7;deman8;deman9;deman10;deman11;deman12;deman13;deman14;deman15;deman16;deman17;deman18;deman19;deman20;deman21;deman22;deman23;deman24
20230101;19999;19252;18106;17091;16533;16181;16231;16513;16512;16892;18155;19234;19748;20360;20535;19695;19503;20270;22546;23597;24418;24590;23405;21499
20230102;19935;18541;17655;17230;17212;17830;20017;22496;24366;25798;26897;27162;27245;27651;27620;26979;26801;26902;28086;28694;29397;28978;26834;24395
20230103;22791;21190;20144;19670;19565;20219;22760;25884;27878;29567;29648;29287;28901;28830;28320;27666;27732;28539;30218;31101;31530;31057;28498;25863
20230104;23895;22197;21125;20602;20547;21111;23483;26552;28792;30098;30202;29577;29250;29228;28783;27957;28002;28732;30408;31011;31627;31197;28662;26149
20230105;24358;22654;21459;20898;20788;21355;23498;26591;28781;30036;30084;29441;28823;28604;27988;27286;27241;27527;28581;28625;28799;28567;26835;24925
20230106;23217;21625;20246;19509;19017;19027;19449;20459;20915;22102;23135;23341;23149;23229;22885;21872;21770;22811;24950;26114;26757;26981;25835;24011
20230107;22585;21065;19975;19347;19106;19313;20267;21674;22941;24595;25948;26229;26286;26920;27133;26235;25922;26534;28241;29082;29577;29283;27132;25008
20230108;23334;21605;20394;19602;19180;19270;19650;20363;20953;22697;24760;25849;26492;27379;27318;25980;25283;25548;27446;28525;29243;28794;26766;24239
20230109;22358;20916;20008;19643;19634;20534;23746;28297;30813;31107;31055;30544;30298;30310;29910;29482;29465;30077;31658;32857;33464;32576;29432;26485
20230110;24673;22983;22074;21710;21741;22433;25360;29777;32151;32546;32269;31629;31123;30805;30115;29730;29893;30506;32252;33603;34175;33260;30099;27000
20230111;25059;23578;22518;22057;21953;22668;25515;29946;32080;32538;32573;32173;32135;32033;31620;31060;30712;31045;32417;33526;34062;33117;29880;26942
20230112;25355;23862;22814;22241;22331;23005;25816;30200;32536;32510;32448;31759;31220;30951;30309;30059;30271;31334;33209;34064;34673;33649;30457;27399
20230113;25692;24091;23030;22573;22523;23213;25982;30358;32541;32876;32913;32336;31609;31234;30422;29757;29655;30303;32168;33152;33416;32684;30147;27582
20230114;22585;21065;19975;19347;19106;19313;20267;21674;22941;24595;25948;26229;26286;26920;27133;26235;25922;26534;28241;29082;29577;29283;27132;25008
20230115;23742;21991;20745;20099;19818;19718;20094;20785;21568;23323;24972;25456;25429;25846;26027;25060;24602;25015;27285;29018;30085;29568;27816;25293
20230116;23380;22022;21182;20839;20944;21902;25439;30338;33033;33790;34206;33885;33719;33865;33429;33000;32781;33078;34263;35310;35701;34404;30982;27731
20230117;25812;24324;23335;22870;22772;23466;26253;30503;32605;33312;33244;32830;32805;32694;32077;31482;31738;32454;33955;35473;35940;34781;31330;28063
20230118;26286;24669;23480;23154;23127;23886;26855;31537;33957;34460;34267;33562;33546;33640;32987;32328;32369;32766;34760;36278;36810;35470;32088;28845
20230119;26936;25194;24011;23676;23635;24318;27135;31632;34153;34588;34228;33353;33029;33074;32858;32667;32934;33745;35160;36431;36965;35657;32421;29047
20230120;26941;25291;24143;23637;23545;24181;26891;31315;33329;33619;33182;32604;32213;32004;31418;30978;30908;31423;32840;33880;34090;32966;30289;27799
20230121;26406;24632;23257;22537;22122;22099;22635;24100;25641;27654;28720;28474;27982;28050;27851;26998;26636;27061;28739;30479;31100;30816;28804;26706
20230122;24795;22965;21777;21010;20661;20638;21045;21982;22761;24486;25689;25899;25664;26077;26214;25476;25264;26054;28561;30795;31908;31791;29834;27038
20230123;24843;23189;22197;21750;21767;22687;26324;31397;34314;34930;34591;33939;33486;33435;33076;32721;32817;33606;35581;37532;38189;36787;33012;29471
20230124;27362;25467;24305;23739;23715;24495;27533;32516;35437;36176;36278;35985;35776;35838;35365;34742;34688;35283;36978;38597;38833;37505;33805;29719
20230125;27519;25544;24478;23967;23913;24604;27673;32672;35431;36106;35803;34941;34339;34092;33634;33258;33358;33971;35693;37726;38485;37108;33558;29991
20230126;27652;25720;24594;24086;24020;24656;27830;32805;35433;35936;35574;34995;34612;34560;34309;33813;34048;34790;36177;37918;38571;37315;33902;30313
20230127;28012;25970;24679;24193;24146;24763;27942;32873;35357;35522;35011;34093;33445;33194;33008;32706;32846;33398;34853;36702;36989;36025;32998;30000
20230128;27952;25796;24230;23384;22955;22878;23530;25254;26953;29246;30450;30029;29352;29373;29195;28542;28310;28659;30564;32549;33294;32945;30761;28368
20230129;25981;23905;22449;21609;21251;21285;21750;22658;23411;25451;26970;27258;27196;27678;27776;26990;26602;27290;29433;32043;33315;33179;30952;28016
20230130;25369;23619;22669;22286;22381;23282;26884;32101;34903;35597;35376;34406;33881;33561;32996;32424;32523;33464;35186;37042;38019;37034;33418;29798
20230131;27507;25538;24412;23891;23902;24632;27780;32674;35451;35860;35145;34124;33351;33039;32404;31992;32113;32751;34580;37053;38189;37157;33659;29868
20230201;27688;25725;24556;24043;23958;24706;27834;32821;35452;35683;34873;33535;32972;32583;32188;31827;31963;32716;34473;36865;37818;36725;33499;29922
20230202;27713;25710;24480;23929;23964;24617;27773;32644;35236;35520;34690;33333;32670;32321;31973;31484;31458;32058;33778;36165;37149;36334;33177;29648
20230203;27396;25398;24286;23754;23756;24453;27539;32524;34834;35070;34357;33145;32386;31747;31092;30563;30407;30926;32349;34452;35063;34275;31653;29026
20230204;27125;25147;23735;22901;22425;22254;23009;24561;26053;27943;28659;28129;27435;27179;26638;25884;25476;25969;27898;30160;31223;30981;28980;26656
20230205;24540;22725;21416;20705;20318;20307;20837;21794;22345;23940;24948;24951;24651;24814;24851;24055;23791;24391;26672;29717;31048;30862;28717;26072
20230206;23889;22273;21549;21129;21237;22128;25742;30796;33313;33949;33833;33392;33371;33535;32912;32419;32468;32936;34326;36510;37214;35942;32329;28787
20230207;26816;25085;24022;23624;23546;24165;27228;32139;34637;35655;35870;35649;35479;35691;35227;34602;34346;34408;35375;37214;37703;36332;32743;29100
20230208;26968;25034;23930;23582;23531;24294;27409;32093;34443;35284;35226;34880;34711;34918;34667;34313;34096;34126;34886;36947;37625;36325;32777;29238
20230209;27271;25543;24355;23848;23792;24548;27572;32411;34447;34990;34695;34076;33853;33642;32952;32555;32465;32822;33724;36249;37072;35906;32595;29230
20230210;27318;25644;24535;24021;24002;24858;27948;32613;34926;35234;35025;34486;33768;33371;32649;32011;32074;32406;33437;35509;35986;35004;31964;29145
20230211;27180;25221;23821;22963;22613;22604;23318;24825;26352;28640;29834;29777;29125;28904;28419;27565;27158;27299;28647;30932;31939;31658;29458;27218
20230212;25210;23339;22000;21328;21007;20947;21484;22245;22867;24778;26221;26616;26339;26578;26616;25657;25225;25535;27233;30228;31733;31539;29492;26943
20230213;24509;22821;22005;21652;21706;22792;26407;31514;33974;34488;34236;33630;33003;32544;31858;31420;31220;31674;32700;35364;36190;35222;31855;28473
20230214;26315;24712;23735;23266;23245;23969;26927;31709;33682;34364;34241;33699;33336;32954;32318;32017;31809;32050;32841;35269;36249;35119;31833;28373
20230215;26345;24605;23605;23121;23134;23866;26945;31486;33512;33944;33652;32880;32152;31911;31365;30924;30985;31382;32348;34738;35767;34733;31584;28233
20230216;26417;24635;23626;23353;23407;24036;27113;31576;33455;33151;32839;32036;31511;31115;30663;30307;30393;30607;31551;34261;35128;34284;31400;28285
20230217;26256;24576;23473;23116;23080;23786;26779;31217;33024;33444;32851;32026;31375;31031;30294;29579;29457;29911;30874;33138;33608;32586;29972;27443
20230218;25924;24131;22869;22131;21778;21716;22407;23677;24986;26963;28116;27815;27445;27364;26940;25913;25461;25461;26387;28561;29456;29299;27420;25402
20230219;23675;22118;20894;20205;19915;19963;20471;21109;21595;23263;24498;24558;24446;24404;24376;23353;23153;23394;24663;27533;28942;28900;27279;24919
20230220;23089;21715;20899;20551;20629;21510;24768;29024;30655;31365;31181;30566;30050;29844;29349;28870;28696;28946;29717;32067;33078;32322;29387;26429
20230221;24902;23418;22333;22154;22193;22642;25366;29374;31034;31579;31715;31117;30489;30164;29610;29145;28848;29166;29947;32541;33629;32494;29471;26592
20230222;25052;23598;22553;22208;22203;22895;25768;29823;31283;31595;30950;30251;29709;29712;29292;29130;29090;29427;30197;32635;33728;32873;29824;26827
20230223;25234;23668;22851;22466;22485;22998;25795;29713;31341;31983;32084;31798;31799;31970;31427;30711;30344;30512;31063;33472;34341;33340;30403;27519
20230224;26010;24361;23252;22850;22934;23618;26440;30552;32426;32954;32598;31750;31245;30880;30143;29533;29541;29613;30381;32816;33435;32485;29822;27140
20230225;26144;24474;23150;22425;22052;22086;22650;23751;24926;27075;28133;27986;27724;27862;27760;26901;26385;26404;27195;29363;30346;30400;28476;26333
20230226;24261;22484;21220;20625;20297;20384;20905;21418;21966;23985;25469;25990;25857;26180;25886;24737;24093;24473;25698;28642;30280;30486;28685;26284
20230227;24097;22564;21653;21282;21425;22300;25745;30145;32416;33713;33626;33196;32836;32891;32570;32446;32341;32542;32957;35478;36499;35367;32158;28868
20230228;26989;25185;23976;23585;23525;24130;26902;30705;32542;33332;33372;32989;32552;32232;31535;30983;30725;31173;31855;34863;36193;35425;32351;29018
20230301;27003;25279;24259;23875;23844;24604;27700;32203;34268;34403;34130;33295;32876;32893;32487;32157;32250;32592;33100;35834;37239;36203;33086;29563
20230302;27308;25458;24325;23812;23678;24442;27682;32247;34377;34396;34065;33506;33143;32879;32405;32042;32013;32254;32840;35825;37317;36260;33097;29822
20230303;27386;25712;24485;23914;23928;24580;27676;32161;34070;33829;33219;32638;32246;31972;31510;30852;30645;31163;31349;33824;35065;34186;31648;28860
20230304;26871;24984;23492;22744;22362;22332;22981;24232;25467;27306;28758;28031;27329;27294;26975;26180;25900;26286;26962;29547;31033;30834;28935;26771
20230305;24893;23047;21768;21002;20720;20803;21253;21699;22301;24102;25552;25962;25834;26484;26791;26020;25683;25897;26958;29488;31136;31014;28987;26184
20230306;24003;22470;21506;21214;21130;22226;25696;29877;32092;32568;32269;31797;31482;31498;31295;31093;30763;31095;31405;33695;35082;34081;30949;27766
20230307;25626;24083;23013;22602;22451;23199;26069;30149;31886;31918;31718;31106;30923;30614;30304;29698;29650;29892;30242;32748;34492;33536;30507;27406
20230308;25702;24118;23194;22696;22667;23287;26053;29711;31147;31232;30998;30640;30326;30185;29975;29395;28988;29234;29674;31887;33240;32322;29585;26784
20230309;25075;23603;22732;22350;22320;22883;25455;28933;30359;30697;30859;30884;30963;30886;30061;29005;28747;28947;29317;31556;32903;31994;29257;26632
20230310;25187;23677;22806;22336;22245;22782;25478;28800;30020;29701;29120;28606;28357;28185;27692;27246;27081;27284;27535;29829;30806;30118;27698;25466
20230311;24295;22811;21751;21064;20596;20507;21208;21955;23105;24619;25549;25424;25133;25120;24829;23590;23191;23236;23754;25870;27373;26902;25026;23211
20230312;21812;20553;19676;19073;18933;18923;19366;19493;20115;21427;22228;22377;22276;22468;22276;21405;21078;21296;22309;24882;26799;26603;25086;23124
20230313;21789;20694;19994;19713;19880;20654;23705;26942;28226;28159;27950;27299;27393;27549;27434;26935;27008;27380;27733;30002;31726;30759;28004;25290
20230314;23819;22514;21729;21499;21448;22011;24578;27478;28786;28535;28079;27800;27861;27772;27563;27016;26844;27178;27291;29282;31276;30356;27721;25123
20230315;23844;22586;21798;21539;21627;22262;24833;27811;28887;28574;27995;27748;27816;27859;27413;26985;26912;27297;27400;29520;31332;30341;27766;25236
20230316;23873;22514;21673;21360;21395;22053;24717;27704;28824;28425;28206;27800;27829;27794;27666;27233;27065;27373;27639;29658;31264;30488;27741;25428
20230317;24208;22965;22184;21755;21727;22344;24822;27519;28801;28845;28637;28246;27980;27830;27355;26804;26499;26864;27059;28865;30249;29434;27204;25030
20230318;24025;22626;21696;21126;20775;20732;21308;21895;23030;24544;25219;25099;24944;25163;24480;23540;23022;23239;23777;25735;27466;27142;25401;23507
20230319;21850;20542;19555;18978;18793;18844;19279;19300;19971;21350;22075;22323;22152;22135;21939;21064;20747;20953;21947;24025;26351;26192;24820;23164
20230320;21793;20514;19769;19453;19641;20362;23351;26054;27280;27118;26848;26685;26520;26523;26438;25905;25687;26097;26366;28593;30639;29799;27344;24599
20230321;23423;22154;21319;21114;21152;21836;24683;27692;28994;28541;27921;27446;27285;27306;27103;26630;26592;26872;26967;29127;31345;30515;27659;25037
20230322;23575;22351;21476;21186;21245;21866;24619;27356;28469;27978;27492;27047;26929;26897;26669;26264;26393;26784;26961;28970;30980;30097;27221;24483
20230323;23230;22100;21363;21157;21274;22044;24456;27001;27949;27637;27053;26826;27021;27186;26721;26310;26488;26862;27376;29464;31151;30228;27473;24998
20230324;23825;22865;21985;21604;21590;22071;24457;27073;28200;28141;27993;27966;27872;27806;27459;26743;26350;26649;26835;28407;30094;29347;26897;24786
20230325;23793;22568;21687;21082;20801;20740;21241;21557;22571;23822;24086;23745;23611;23639;23237;22455;22189;22336;23384;25235;27021;26673;24720;22893
20230326;21663;20465;20106;19657;19192;19060;19242;19685;19634;20546;21514;21917;21746;21704;21808;20580;19871;19982;20916;22295;24848;26790;25724;23707
20230327;22071;20792;20152;19785;19901;20689;23489;27098;28292;28245;27815;27245;26823;26717;26325;25514;25053;25216;25726;26584;28777;29893;27526;25013
20230328;23687;22406;21561;21158;21106;21732;24196;27534;28818;28566;27681;27261;27429;27204;26693;26082;25510;25671;25816;26817;28960;29988;27569;25044
20230329;23609;22360;21591;21208;21111;21852;24329;27703;28507;28271;27649;27202;26970;26788;26228;25579;24858;25106;25377;26775;28730;29740;27246;24707
20230330;23359;22232;21568;21095;21030;21652;24096;27328;28163;27621;26637;26270;26169;25882;25530;24888;24865;24982;25464;26688;28545;29379;27068;24567
20230331;23469;22315;21406;21112;21012;21601;23957;26864;27859;27711;27252;26684;26546;26501;26022;25223;24688;24753;25075;25956;27569;28267;26085;24084
20230401;22878;21708;20757;20041;19709;19690;20179;21201;21934;23592;24282;23946;23345;23289;22614;21513;20751;21098;21789;22989;24721;26176;24595;22739
20230402;21289;19898;18858;18361;18106;18178;18550;19214;19497;20576;21121;20972;20739;20785;20610;19569;19011;19102;19739;21038;23469;25502;24433;22605
20230403;21165;20023;19418;18993;19010;19784;22310;25021;26170;26629;26142;25751;25494;25358;24998;24071;23764;24018;24643;25692;27649;28716;26452;24049
20230404;22710;21570;20665;20394;20354;20895;23116;25693;26798;27264;26892;26266;25835;25582;24928;24151;24210;24424;24943;25908;27850;29020;26759;24387
20230405;23065;21682;20662;20187;20135;20718;22820;25439;26513;27033;26715;26150;25720;25442;24704;23927;23622;23827;24103;24910;26526;27429;25280;23224
20230406;21775;20402;19420;18810;18574;18732;19698;20871;21293;22180;22516;22383;22242;22116;21770;20798;20274;20415;20905;21833;23380;24753;23159;21423
20230407;20277;19113;18123;17577;17314;17420;17987;18536;18547;19499;20164;19909;19524;19524;19295;18350;17827;18094;18763;19777;21342;23062;22287;20753
20230408;19771;18578;17685;17145;16933;17090;17813;18520;19154;20510;21232;21112;20832;20775;20506;19602;19101;19352;19951;20891;22567;24201;22835;21101
20230409;19537;18278;17342;16809;16586;16813;17157;17464;17747;18919;19805;19842;19559;19528;19335;18441;17893;18189;18964;20034;21923;23780;22637;20801
20230410;19247;18147;17479;17095;17049;17517;18895;20788;21650;22576;22833;22418;22214;22360;22036;20999;20739;21129;21748;22805;24646;26283;24391;22242
20230411;20992;19729;18867;18676;18804;19347;21909;24921;26103;26478;26221;25859;25823;25760;25129;24513;24286;24482;24762;25509;27293;28630;26032;23438
20230412;22121;21099;20190;19861;19819;20365;22709;25660;26805;27015;26786;26654;26740;27045;26433;25763;25589;25740;25972;26734;28351;29144;26533;24195
20230413;22932;21733;20791;20532;20403;20907;23069;25950;26990;27103;26680;26115;26060;25885;25443;24936;24585;24868;25077;26042;27881;28977;26612;24124
20230414;22760;21738;20737;20364;20259;20900;23167;25842;27094;27637;27492;26910;26998;26704;26110;25140;24966;25242;25654;26188;27378;28601;26448;24146
20230415;23035;21803;20980;20272;19988;19851;20314;20944;21910;23346;23804;23578;23446;23524;23012;21883;21137;21088;21754;22707;24155;25657;24273;22378
20230416;21083;19972;18903;18286;18004;18028;18318;18404;18876;20012;20850;20738;20629;20790;20665;19527;18934;19084;19934;21349;23252;25256;24156;22260
20230417;20828;19680;18882;18684;18748;19504;22055;24811;26015;26286;25878;25853;25723;25797;25431;24664;24323;24398;24746;25484;27208;28582;26318;23832
20230418;22491;21315;20494;20137;20040;20562;22979;25794;27063;27081;26873;26724;26611;26524;25947;25173;24878;25027;25248;25964;27624;28862;26333;24025
20230419;22623;21411;20651;20332;20260;20807;23322;26094;26951;27031;26512;26291;26382;26162;25687;25152;24940;25085;25273;26044;27534;28861;26504;24023
20230420;22596;21473;20699;20445;20413;21103;23389;26024;27002;26998;26516;26190;26148;26085;25624;25113;24977;25348;25705;26475;27918;28866;26529;24049
20230421;22687;21599;20782;20370;20355;20804;23094;25527;26559;26678;26314;26028;26062;26053;25585;24923;24672;24992;25417;25796;26556;27783;25726;23684
20230422;22598;21636;20417;19963;19614;19631;19985;20468;21575;23318;23939;23673;23314;23353;22826;21841;21073;20966;21471;22348;23485;25076;23723;22034
20230423;20578;19400;18407;17983;17812;17826;18179;18197;18798;20071;20697;20911;20544;20899;20655;19482;18822;19268;20158;21261;22843;24777;23848;22071
20230424;20652;19548;18812;18538;18562;19262;21935;24540;25857;25995;26124;25975;26060;26050;25594;25140;24776;24947;25229;26022;27291;28684;26395;23877
20230425;22609;21603;20846;20520;20407;20775;23204;25836;26870;26855;26658;26556;26599;26664;26205;25693;25641;25959;26191;26750;27906;28939;26710;24324
20230426;23101;22056;21196;20751;20640;21071;23196;25750;26980;27109;27031;26884;27085;26929;26499;26076;25937;26131;26307;26941;27934;29167;26952;24504
20230427;23274;22228;21332;20968;20854;21321;23530;26003;27122;27417;27205;27252;27493;27503;27111;26594;26543;26722;26943;27677;28770;29585;27231;24771
20230428;23617;22296;21447;20977;20938;21317;23183;25407;26480;27170;27329;27168;27224;27288;27005;26376;26156;26180;26381;26694;27146;28016;26006;24033
20230429;22942;21614;20502;19872;19565;19498;19983;20295;21431;22823;23655;24037;24267;24172;23907;22948;22584;22322;22593;23129;23655;25191;23820;22161
20230430;20812;19730;18720;18094;17936;18008;18219;18014;18876;20268;21103;21121;21134;21523;21223;20349;19752;19841;20399;21115;21751;23545;22973;21293
20230501;19928;18708;17881;17377;17136;17118;17520;17604;18124;19055;19740;19723;19698;20137;20081;19043;18518;18847;19583;20841;21945;23896;23281;21471
20230502;20144;19109;18428;18079;18053;18667;21141;23289;24676;25322;25405;25448;25589;26014;25817;25261;25355;25625;25741;26189;27105;28148;26203;23843
20230503;22488;21422;20494;20245;20115;20679;22860;25270;26449;26691;26567;26511;26986;27157;26823;26194;26025;26097;26102;26810;27854;28769;26890;24409
20230504;23067;21908;21102;20853;20916;21376;23299;25506;26519;26448;26355;26186;26759;26831;26413;25939;25923;26204;26415;26875;27564;28687;26727;24334
20230505;22958;21977;20934;20781;20607;21279;23354;25681;26712;26981;26973;26905;27115;27257;26694;26065;25758;25967;26220;26549;26918;27694;26113;23964
20230506;22998;21680;20634;20051;19682;19560;20097;20500;21641;22676;23506;23254;23222;23205;22781;22131;21514;21753;22389;22997;23604;25166;24104;22488
20230507;20925;19654;18800;18283;18061;18007;18353;18249;19071;20483;21384;21579;21749;21998;21496;20478;20265;20516;21045;21972;22972;24747;24304;22510
20230508;21048;19914;19245;18969;18936;19658;22122;24562;25859;26224;26184;26337;26622;26888;26702;26264;26144;26179;26385;27102;27924;28944;26768;24322
20230509;23144;22038;21189;20933;20718;21193;23120;25314;26786;27173;27490;27417;27673;27716;27303;26836;26834;26971;26890;27528;28174;28751;26605;24371
20230510;23153;22001;21178;20796;20751;21052;23151;25392;26492;26772;26895;26799;26945;27036;26522;26105;25821;26107;26334;27198;28261;29033;26485;23984
20230511;22881;21663;20868;20516;20346;20740;22856;25261;26273;26685;26612;26562;26646;26521;26054;25512;25269;25586;26050;26856;28097;28557;26542;24067
20230512;22843;21767;20911;20546;20500;20943;23031;25208;26088;26067;25993;25843;26130;26012;25563;25151;25216;25202;25182;25806;26563;27300;25754;23533
20230513;22567;21309;20316;19791;19530;19375;19781;20213;21245;22393;22969;22783;22739;22938;22615;21446;20864;20806;21326;22036;23129;24449;23478;21806
20230514;20578;19483;18601;18053;17799;17718;18004;17717;18286;19108;19953;20325;20821;21616;21444;20141;19483;19357;20005;20903;22336;23953;23767;21945
20230515;20642;19633;18979;18663;18642;19205;21511;23667;24985;25304;25441;25287;25297;25528;25462;24813;24784;24816;24892;25543;26681;27531;26023;23653
20230516;22351;21297;20508;20132;19962;20568;22704;25078;26273;26427;26253;26243;26308;26162;25976;25381;25017;25294;25609;26307;27523;28668;26864;24252
20230517;22804;21608;20743;20350;20367;20812;22701;24894;26056;26105;25870;25658;25702;25834;25305;24649;24494;24733;24996;25977;27375;28085;26295;24108
20230518;22708;21555;20719;20465;20420;20817;22990;25060;25857;26202;26116;25835;26052;26259;25815;25028;24981;25226;25492;26106;27028;28004;26251;23913
20230519;22592;21427;20654;20328;20258;20650;22761;25023;26262;26463;26332;26148;26031;26316;25948;25144;24811;24726;24984;25438;26038;27047;25689;23521
20230520;22340;21163;20159;19705;19261;19156;19428;19746;20863;22121;22912;22896;22864;23176;22945;21918;21129;21194;21772;22688;23587;24777;23594;21977
20230521;20518;19253;18297;17835;17485;17461;17597;17419;18027;19324;20401;20787;21103;21805;21841;20535;19686;19670;20291;21137;22371;24272;23921;22071
20230522;20595;19386;18744;18428;18453;19164;21541;24193;25952;26505;26678;26715;26830;26981;26693;26102;25709;25663;25795;26399;27613;28352;26353;24058
20230523;22504;21299;20624;20119;20090;20589;22600;24801;26363;26924;26845;26952;27200;27295;26868;26162;25702;25795;25997;26473;27386;28030;26281;23909
20230524;22409;21143;20220;20001;19901;20448;22451;24801;26195;26591;26596;26522;26883;27161;26650;25850;25566;25670;25677;26296;27272;28122;26420;23984
20230525;22412;21296;20350;20022;19966;20367;22313;24597;26031;26403;26565;26628;26951;27077;26740;26250;26017;26199;26030;26450;27021;27503;25946;23589
20230526;21989;20938;20060;19755;19616;20051;22034;24539;26115;26657;26639;26625;26639;26575;26020;25107;24635;24876;24862;25060;25614;26315;25080;23055
20230527;21835;20546;19613;19041;18740;18604;18683;19128;20260;21906;22809;23069;22903;23185;22658;21561;20890;20806;20943;21457;22206;23582;23007;21346
20230528;19955;18663;17767;17260;16979;16992;16982;16957;17839;19107;20112;20338;20571;20821;20640;19642;19022;19195;19661;20582;21784;23133;23176;21379
20230529;19844;18639;17975;17600;17754;18516;20759;23180;25106;25630;25632;25688;25932;26086;25822;25240;24994;24895;25255;25984;26876;27410;25882;23351
20230530;21975;20724;19949;19571;19460;20095;22039;24405;26067;26434;26620;26473;26675;26858;26509;25799;25564;25800;25994;26454;27111;27544;26163;23804
20230531;22404;21080;20217;19901;19747;20259;22141;24260;25717;26238;26572;26851;26983;27211;26787;26182;25919;25643;25890;26342;27133;27688;26337;23918
20230601;22533;21195;20547;20114;19974;20404;22226;24721;26546;27158;27531;27643;27752;27929;27781;27172;26742;26527;26750;27247;28059;28384;27033;24746
20230602;23042;21946;21030;20782;20742;21248;23021;25173;26767;27178;27225;27207;27439;27537;27065;26460;25994;26059;26363;26738;27180;27502;26410;24318
20230603;22825;21520;20662;20128;19784;19674;19750;20181;21219;22431;23070;23178;23304;23662;23408;22273;21706;21824;22031;22585;23497;24338;23899;22125
20230604;20721;19616;18746;18297;18045;17983;17939;17897;18625;19810;20621;20883;20992;21506;21564;20772;20110;20272;20875;21553;22672;24008;24239;22526
20230605;20984;19729;19078;18780;18809;19506;21673;23969;25630;26015;26240;26450;26721;27133;27013;26573;26378;26564;26878;27446;28278;28459;26894;24690
20230606;23192;21903;21137;20806;20806;21263;23101;25189;26941;27260;27186;27389;27493;27685;27276;26744;26714;27087;27530;27945;28774;29111;27592;25083
20230607;23727;22447;21682;21272;21252;21786;23678;26029;27759;28546;28829;29214;29656;29793;28983;28293;27891;27634;27478;27969;28726;28871;27429;24898
20230608;23380;22271;21430;21004;20984;21473;23200;25657;27395;28056;28424;28587;28985;29097;28588;27886;27469;27593;27572;28002;28804;29130;27729;25445
20230609;23520;22395;21487;21110;20964;21396;23049;25351;26985;27777;27988;28229;28426;28116;27705;26995;26523;26578;26815;27140;27524;27790;26874;24730
20230610;23355;21974;21012;20358;20086;19843;19835;20296;21550;22873;24010;23995;24263;24567;24214;23138;22586;22690;23016;23731;24144;24814;24591;22973
20230611;21453;20249;19298;18817;18466;18439;18327;18335;19135;20369;21322;21796;22324;22742;22681;21740;21302;21502;22181;22881;23547;24431;24548;22964
20230612;21399;20324;19607;19306;19337;19950;22340;24778;26642;27452;27859;28024;28503;28571;28460;27914;27795;27947;27592;27924;28586;28803;27403;25062
20230613;23578;22414;21693;21368;21154;21582;23503;25586;27328;28203;28342;28586;29174;29442;28947;28213;27602;27515;27274;27831;28322;28265;27121;24881
20230614;23407;22143;21425;20995;20820;21384;23266;25661;27448;28145;28271;28424;28953;29256;29006;28046;27975;28242;28333;28670;29269;29441;28405;26007
20230615;24322;22997;22113;21564;21445;21801;23699;25876;27535;28205;28597;28657;29083;29470;29200;28705;28641;29015;29178;29583;29963;29767;28621;26321
20230616;24652;23254;22259;21884;21777;22144;23932;26318;27807;28495;28985;29288;29829;30231;29964;29484;29384;29670;29733;29745;29795;29366;28222;26270
20230617;25017;23598;22443;21783;21344;21162;21226;21648;22839;24286;25497;25852;26189;26738;26502;25761;25392;25681;26022;26362;26431;26556;26101;24416
20230618;22795;21573;20573;19858;19592;19459;19384;19337;20069;21293;22619;23114;23587;24178;23941;23078;22685;22753;22982;23703;24306;25563;25862;24510
20230619;22779;21468;20668;20262;20228;20832;22928;25279;27546;28693;29432;29644;29817;30029;29812;29128;28912;29227;29117;29237;29576;29717;28530;26066
20230620;24704;23558;22679;22206;22101;22482;24390;26474;28232;29160;29424;29807;30061;30534;30160;29438;29288;29840;29849;29890;29983;29957;28725;26524
20230621;25133;23871;22924;22538;22347;22716;24511;26787;28638;29374;30019;30587;30894;31164;30979;30457;30219;30292;30232;29924;29859;29638;28462;26190
20230622;24709;23371;22468;21978;21949;22312;24000;26248;27997;28743;29200;29593;30111;30638;30468;29967;29888;30082;30201;30305;30273;30116;29463;27403
20230623;25598;24218;23063;22597;22251;22536;24084;26177;28017;29180;29786;30076;30596;30848;30308;29405;29177;29416;29665;29759;29510;28688;27639;25903
20230624;24688;23659;22427;21662;21152;20889;20868;21035;21965;23191;24300;24913;25415;26017;26110;25431;25116;25493;26050;26693;26915;27053;26791;25286
20230625;23872;22455;21358;20799;20282;20063;19940;19766;20438;21599;22525;23351;24169;25093;25577;25066;24989;25448;26097;27060;27649;28403;28907;27155
20230626;25175;23606;22561;21988;21878;22362;24475;26762;28867;30455;31461;31999;32642;33412;33702;33434;33497;33727;33771;33711;33578;33508;32417;29802
20230627;27850;26119;24942;24245;23894;24083;25848;28030;29926;31211;31741;32285;32938;33661;33779;33654;33596;33763;33640;33744;33758;33621;32561;30113
20230628;28383;26577;25448;24800;24425;24555;26255;28167;29792;31156;31839;32472;33189;33970;34306;34030;33798;33792;33658;33456;33135;32850;31867;29682
20230629;28041;26291;25115;24492;24096;24309;26003;27878;29501;30728;31613;32299;33242;33859;34042;33758;33618;33589;33368;33184;32946;32637;31663;29237
20230630;27457;25857;24631;23951;23533;23865;25527;27464;28847;29916;30232;30488;30951;31325;30925;30273;30026;30237;30295;30438;30454;30124;29201;27377
20230701;26055;24610;23547;22885;22415;21998;21915;22194;23099;24340;25145;25540;25910;26527;26441;25905;25432;25683;26326;27154;27739;27861;27554;25992
20230702;24581;23124;21996;21219;20858;20590;20466;20274;20865;21642;22472;23141;23904;24957;25598;25008;24587;24776;25547;26225;27029;27819;28672;27207
20230703;25432;23820;22785;22137;21974;22465;24613;26940;28624;29769;30581;31207;32098;32997;33312;32792;32412;32366;32007;31891;32041;31723;30953;28828
20230704;27287;25666;24566;23946;23646;23893;25745;27787;29312;30298;30946;31342;32057;32661;32576;31816;31619;31723;31629;31837;31926;31792;31191;29096
20230705;27695;26003;24768;24283;24024;24277;25993;28048;29340;30668;31295;31710;32304;32819;32785;32253;32038;32087;31577;31670;31677;31678;30798;28915
20230706;27468;26001;24980;24384;24062;24415;26328;28327;29711;30586;31222;31773;32424;32768;32977;32539;32409;32387;32081;32057;31859;31599;30930;29139
20230707;27691;26148;24999;24322;24058;24394;26175;28180;29577;30479;31131;31464;31979;32382;32488;31954;31576;31350;31307;31212;31219;30531;29832;27929
20230708;26702;25197;23845;23050;22436;22209;22256;22509;23615;24945;25908;26389;26762;27304;27359;26768;26494;26777;27267;27911;28132;28143;27805;26117
20230709;24644;23275;22118;21426;20854;20700;20682;20516;21032;22021;23098;23723;24230;25191;25712;25420;25155;25372;26151;27038;27811;28621;29467;28013
20230710;26059;24415;23235;22723;22563;23008;25243;27631;29705;31203;31957;32652;33449;34296;34570;34106;33982;34220;34289;34504;34475;34439;33545;31280
20230711;29507;27549;26129;25367;24964;25218;27080;29168;31004;32273;33543;34279;35154;35880;36082;35968;36018;36259;35974;35684;35496;35095;34077;31767
20230712;29969;28256;26908;26159;25539;25742;27375;29423;31027;32294;33193;33840;34562;35386;35769;35185;34959;35006;34766;34657;34364;33983;33288;31077
20230713;29489;27706;26396;25630;25194;25295;27132;28830;30529;31775;32711;33138;33771;34446;34582;34225;34145;34139;33955;33996;33766;33630;33016;30985
20230714;29419;27588;26185;25560;25230;25475;27195;29172;30850;32169;33139;33754;34418;35051;34970;34399;34186;34081;34271;34205;33735;32958;31914;29828
20230715;28488;26852;25481;24565;23931;23626;23732;23832;24726;26050;27267;27864;28336;28847;28978;28484;27952;28288;28682;29134;29284;29346;28836;27145
20230716;25776;24341;23051;22085;21658;21376;21313;21009;21492;22359;23330;23985;24492;25404;26007;25677;25485;25749;26383;27165;27720;28760;29548;27899
20230717;26051;24394;23420;22800;22530;23074;25373;27748;29610;31067;31920;32621;33545;34430;34666;34438;34370;34608;34552;34740;34564;34345;33693;31402
20230718;29526;27736;26574;25810;25481;25741;27390;29354;30968;32627;33708;34584;35548;36464;36694;36578;36481;36415;36067;35723;35592;35629;34753;32333
20230719;30521;28554;27030;26298;25858;26116;27893;29720;31527;33057;34215;34890;35921;36832;36976;36674;36571;36659;36121;35996;35655;35666;34885;32646
20230720;30792;29040;27663;26560;25929;26030;27720;29609;31249;32245;33035;34151;34817;35491;35774;35292;35083;34854;34481;34368;34223;34113;33232;31174
20230721;29470;27815;26540;25754;25337;25534;27246;28930;30107;31200;31837;32347;32946;33231;33063;32500;32250;32392;32028;32033;31868;31496;30420;28601
20230722;27560;26029;24691;23851;23235;22864;22939;23111;23931;25425;26532;26939;27294;27958;28014;27503;27078;27245;27615;28244;28639;28939;28492;26821
20230723;25348;23927;22785;21974;21495;21227;21261;21032;21636;22586;23484;24005;24764;25725;26467;26378;26054;26504;26973;27685;28254;29147;29801;28175
20230724;26348;24668;23409;22630;22351;22812;24878;26982;28786;30006;30969;31560;32162;32977;32997;32376;32098;32155;31802;31904;31721;31679;30707;28513
20230725;27028;25405;24307;23636;23316;23521;25019;26328;27276;28195;28879;29010;29410;30052;30049;29562;29351;29549;29568;29917;29944;30151;29608;27671
20230726;26572;25007;23843;23292;23026;23290;25452;27288;28387;29329;30003;30154;30607;31154;31007;30536;30464;30657;30861;31207;31238;31328;30473;28499
20230727;27164;25635;24510;23824;23608;23789;25720;27483;28739;29930;30602;31069;31535;32130;32193;31670;31467;31612;31540;31511;31361;31337;30504;28209
20230728;26975;25536;24469;23839;23582;23713;25617;27347;28388;29503;30196;30537;30986;31513;31392;30734;30640;30846;30887;31200;31089;30836;29836;27912
20230729;26978;25522;24147;23253;22707;22388;22692;22817;23729;25102;26282;26839;27360;27970;28273;27770;27374;27686;28190;28683;28840;29130;28680;27114
20230730;25641;24106;23023;22221;21698;21391;21463;21024;21463;22493;23673;24496;25218;26015;26547;26146;25935;26051;26641;27227;27689;28717;29180;27594
20230731;25787;24167;22985;22310;21993;22305;24363;26375;27771;29045;29857;30290;31014;31622;31825;31405;31305;31441;31531;31694;31481;31562;30729;28391
20230801;26938;25276;24134;23447;23124;23368;25125;26852;28195;29562;30358;30871;31544;32296;32238;31765;31758;31795;31828;31866;32148;32349;31393;29263
20230802;27540;25763;24553;23882;23620;23877;25691;27344;28578;29763;30867;31409;32274;33121;33202;32765;32724;32740;32688;32956;32834;32952;31782;29602
20230803;27863;26187;25006;24325;23917;24002;25758;27342;28636;29739;30253;30543;30743;31136;31019;30302;30130;30367;30572;30785;30487;30578;29433;27342
20230804;25980;24689;23525;22917;22540;22767;24438;25869;26690;27720;28132;28188;28380;28743;28577;27807;27532;27710;28095;28561;28367;28484;27401;25464
20230805;24299;22983;21919;21271;20768;20577;20965;21007;21797;23020;23909;23962;24164;24722;24822;24410;24167;24310;24405;25546;26540;27233;26443;24781
20230806;23355;22084;21177;20452;19932;19788;20004;19707;20112;20973;21783;22257;22701;23580;24079;23691;23465;23743;24328;25314;26079;27038;27091;25529
20230807;24069;22685;21647;20933;20497;20861;22637;24139;25276;26311;27007;27368;28122;28958;29120;28646;28715;29013;29278;29396;29554;30091;29131;27076
20230808;25712;24182;23094;22413;22127;22376;24011;25459;26568;27716;28438;28996;29783;30587;30814;30339;30272;30536;30668;30710;30464;30926;29838;27703
20230809;26102;24674;23735;23081;22756;22863;24380;25787;26751;28129;29076;29815;30715;31667;31952;31644;31580;31718;31762;31648;31582;31976;30922;28793
20230810;27227;25492;24249;23524;23083;23159;24614;26031;27137;28634;29611;30278;31276;32243;32487;32250;32103;32309;32279;32225;31978;32384;31123;28878
20230811;27222;25554;24301;23507;23076;23122;24548;25880;26983;28292;29356;30046;30766;31487;31683;31322;31314;31511;31686;31786;31518;31572;30259;28278
20230812;26844;25291;23924;22966;22377;22096;22383;22517;23160;24527;25774;26336;27065;28024;28273;27999;27850;27911;28390;28807;28936;29706;28613;26836
20230813;25340;23850;22748;21824;21337;21029;21062;20672;20954;21859;22881;23682;24310;25253;26012;25784;25545;25729;26508;26945;27121;28354;27947;26241
20230814;24710;23168;21890;21192;20885;20990;22270;23310;24233;25663;26612;27030;27668;28588;29090;28808;28705;28997;29260;29309;29030;29609;28177;26197
20230815;24918;23523;22301;21475;21033;20870;21212;21153;21243;22174;23224;23776;24438;25309;25890;25724;25556;25963;26292;26673;27033;28174;27716;26118
20230816;24831;23239;22173;21632;21330;21426;22865;24220;25378;26715;27692;28319;28974;29761;30064;29709;29601;29857;30022;30031;29956;30535;29124;27070
20230817;25635;24128;22957;22380;21982;22046;23430;24758;25748;27056;27953;28358;29087;29905;30110;29804;29727;30030;30218;30355;30327;30953;29249;27056
20230818;25669;24143;23012;22289;21949;22083;23439;24776;25742;26890;27867;28330;28932;29709;30171;29594;29640;29972;30236;30382;30425;30903;29220;27192
20230819;25849;24385;23203;22439;21976;21596;21954;22110;22669;24014;25054;25674;26200;27102;27541;27321;27229;27611;28180;28566;28951;29761;28608;26761
20230820;25205;23709;22711;21946;21383;21191;21145;20966;21193;22291;23497;24355;25316;26353;27039;26857;26721;27019;27541;28112;28591;30053;29755;27944
20230821;26299;24635;23412;22570;22258;22492;24399;26318;27670;29211;30480;31408;32360;33530;33897;33585;33617;34017;34078;34085;33981;34667;33109;30448
20230822;28648;26808;25490;24618;24212;24338;25988;27528;28615;30043;31235;31965;32737;33837;34203;33887;33904;34261;34300;34345;34151;34848;33131;30713
20230823;28955;27145;25957;25102;24616;24749;26360;28031;28988;30442;31918;32821;33745;34724;35044;34810;34871;35025;35078;34936;34781;35341;33458;31048
20230824;29386;27609;26176;25369;24934;24893;26436;27998;29091;30466;31932;32866;33886;34909;35268;35204;35143;35284;35163;34973;34654;35302;33517;31195
20230825;29486;27604;26268;25383;24895;24894;26310;27878;28940;30466;31870;32664;33704;34623;34825;34495;34294;34358;34306;34102;33815;34070;32280;30188
20230826;28755;27215;25865;24970;24257;23797;23916;24211;24558;25791;27063;27863;28558;29547;30138;29673;29247;29060;28699;28231;28246;29126;27522;25832
20230827;24357;22971;21925;21251;20885;20658;20741;20611;20571;21440;21738;21965;22099;22779;23086;22373;21901;22195;22873;23657;24476;25923;25328;23913
20230828;22557;21392;20678;20207;20018;20448;22725;24888;25963;26868;27100;27213;27645;28102;28049;27466;27511;27746;28407;28785;29209;30005;27938;25861
20230829;24654;23321;22469;22070;21822;22046;23798;25694;26526;27213;27711;27884;28266;28754;28524;28000;28014;28397;28798;29192;29524;30493;28401;26204
20230830;24900;23600;22699;22199;22024;22275;24251;26241;27019;27910;28437;28771;29207;29618;29206;28426;28083;28473;28779;29047;29581;30415;28350;26319
20230831;24923;23670;22682;22228;21969;22286;24205;26203;26827;27360;28198;28538;28967;29554;29288;28623;28554;29068;29522;30056;30373;30996;28913;26719
20230901;25491;24087;23103;22583;22304;22643;24687;26689;27412;28430;28823;29410;29904;30421;30280;29627;29368;29720;29945;29830;29942;30128;27828;25789
20230902;24737;23578;22450;21752;21302;21097;21439;21995;22548;24102;25158;25604;25891;26269;26006;24657;24111;23920;23852;24200;25256;26212;24372;22765
20230903;21526;20410;19573;19061;18687;18631;19014;19215;19476;20755;22170;22815;23419;24326;24260;22975;22220;22223;22685;23321;24540;25900;24758;23307
20230904;21743;20654;19931;19660;19723;20373;22963;25593;27197;28517;29032;29334;29803;30222;29808;29080;28815;29038;29184;29350;30008;30673;27419;25072
20230905;23697;22764;22025;21715;21489;21904;23941;26414;27727;28694;29236;29673;30059;30470;30028;29256;29141;29411;29558;29846;30528;31215;28712;26415
20230906;25055;23884;22758;22129;21922;22276;24424;26901;28270;29225;29642;29957;30447;30915;30470;29741;29824;30076;30073;30275;31016;31258;28797;26558
20230907;25396;24110;23144;22619;22494;22863;24807;27343;28469;29480;29967;30148;30623;31165;30747;30034;29833;30045;30524;30578;31146;31425;28825;26491
20230908;25153;23866;23013;22517;22318;22554;24446;26697;27674;28374;28840;29229;29496;29828;29335;28505;28454;28739;29064;29353;29996;29997;27418;25595
20230909;24339;23193;22140;21561;21199;20994;21487;22232;22769;24188;25100;25273;25137;25706;25632;24925;24516;24673;25143;25638;26675;27420;25652;23964
20230910;22636;21501;20615;19978;19662;19434;19669;19964;20114;21123;22007;22489;22765;23448;23737;23055;22754;23109;23770;24401;25788;26851;25748;24023
20230911;22740;21463;20708;20436;20391;20777;22922;25508;26589;27429;27767;27744;28084;28616;28410;27806;27765;28000;28201;28411;29754;30070;27703;25458
20230912;24102;22874;22102;21738;21586;22064;24381;27147;28491;29244;29447;29653;30213;30348;29887;29371;29387;29658;29597;29758;31032;31025;28218;25805
20230913;24418;23339;22567;22210;22098;22429;24664;27637;28811;29055;29260;29423;29580;29695;29213;28697;28652;29301;29630;29888;31136;31072;28130;25733
20230914;24363;23260;22471;22175;21993;22328;24638;27501;28670;29325;29584;29770;30287;30613;30266;29672;29643;30002;30156;30482;31481;31332;28662;26307
20230915;25060;23928;23062;22707;22521;22887;24927;27760;29007;29675;29879;30145;30284;30467;29741;28957;28532;28572;28419;28556;29754;29579;26832;24906
20230916;23775;22595;21572;20960;20579;20391;20702;21644;22286;23559;24609;24846;24897;25118;24892;23948;23419;23598;24085;24703;26296;26733;24868;23260
20230917;21996;20815;19920;19311;19017;18820;19113;19494;19670;20674;21845;22583;23102;23937;23704;22436;21906;21931;22555;23442;25642;26380;24724;22888
20230918;21480;20435;19623;19440;19398;20065;22739;26127;27538;27856;27879;27776;27913;28227;27921;27451;27364;27792;27747;28316;30101;30135;27244;24795
20230919;23252;22173;21648;21173;21159;21515;23792;26979;28223;28351;28569;28495;28756;28908;28417;27906;27637;27903;27902;28405;30279;30183;27337;25002
20230920;23404;22262;21665;21235;21065;21483;23909;27041;28082;27461;27693;27733;27931;27973;27544;26925;26915;27556;28312;28876;30546;29922;26820;24530
20230921;23089;22092;21239;20947;20818;21286;23453;26573;27664;27890;27772;27782;28145;28540;28117;27414;27248;27741;27752;28163;30030;29658;26711;24433
20230922;23261;22201;21444;21152;21092;21515;23770;26867;27720;27669;27126;26880;26758;26658;25910;25192;25177;25627;26215;27035;28773;28572;25877;23738
20230923;22562;21405;20613;20155;19816;19582;20004;21045;21622;22516;22840;22673;22493;22642;22423;21310;21081;21717;22538;23475;25196;25600;23724;22030
20230924;20778;19663;18853;18312;18020;18015;18373;18852;18990;19897;20699;20786;20835;21233;21075;20226;19927;20646;21688;22850;25042;25572;24045;22211
20230925;20819;19852;19300;18994;19035;19716;22256;25403;26386;26552;26508;26476;26585;26867;26596;26092;26145;26598;27402;28271;30121;29716;26797;24361
20230926;22990;21808;21154;20853;20934;21401;23698;26692;27782;27810;27437;27409;27532;27784;27407;26987;27198;28135;28616;29381;31116;30476;27378;24954
20230927;23517;22312;21570;21271;21086;21567;23844;27045;28306;28206;28174;28239;28208;28314;27984;27732;27876;28479;28981;29575;31324;30521;27448;24898
20230928;23465;22362;21769;21322;21256;21708;24059;27255;28266;28275;28051;28338;28508;28686;28486;27904;28042;28865;29470;30128;31504;30624;27665;25257
20230929;23938;22766;22046;21634;21469;21839;24076;27165;28179;28340;28449;28450;28571;28682;28316;27969;27954;28536;28887;29287;30567;29579;26832;24890
20230930;23617;22445;21533;20962;20558;20321;20740;21716;22421;23598;24393;24497;24526;24893;24712;23893;23792;24239;25014;25658;27091;26876;24891;23136
20231001;21827;20683;19855;19346;19036;18880;19172;19740;19826;20741;21576;21951;22135;22853;22888;22174;22030;22709;23570;24316;26282;26339;24687;23057
20231002;21725;20702;20080;19711;19762;20402;23105;26485;27877;28069;28034;27933;28325;28636;28359;28303;28509;29111;29464;30180;31717;30691;27525;25010
20231003;23644;22508;21780;21397;21300;21675;23880;27032;28259;28504;28368;28478;28724;29012;28763;28354;28828;29650;29562;30318;31961;30787;27630;25202
20231004;23722;22612;21825;21459;21409;21738;23947;27290;28608;28723;28626;28761;29033;29409;28981;28568;28660;29174;29509;30209;31746;30649;27716;25313
20231005;23995;22814;22008;21637;21507;21901;24088;27481;28747;28593;28416;28429;28539;28755;28366;28207;28444;29007;29480;30405;31863;30828;27968;25557
20231006;24235;23126;22226;21877;21760;22201;24481;27898;29105;29051;28742;28600;29048;29161;28751;28288;28556;29163;29614;30269;31235;29975;27491;25348
20231007;24199;22974;22002;21456;21062;20727;21163;22188;22896;23988;24526;24362;24518;24860;24520;23687;23628;24173;25006;25885;27238;26814;24929;23275
20231008;22093;21015;20148;19587;19211;19163;19487;20071;20196;20911;21570;21674;21819;22433;22545;21789;22064;22468;23330;24569;26440;26237;24908;23352
20231009;21930;20843;20115;19842;19838;20330;22846;26005;27383;27238;26971;27134;27271;27513;27203;26687;27162;27900;28154;28970;30548;29403;26619;25010
